1
5
6
7
8
18
20
21
25
26
27
29
31
33
43
44
45
47
51
54
55
58
60
61
64
65
67
68
69
71
72
73
75
76
77
80
81
82
84
85
86
87
88
89
90
91
92
93
94
95
96
97
98
109
110
112
113
121
123
127
128
129
130
131
132
134
136
137
138
139
142
150
151
152
153
154
155
156
157
159
161
164
165
166
167
168
169
174
175
177
180
181
182
184
185
186
187
194
198
202
204
205
206
207
208
209
210
212
218
219
222
223
225
226
230
231
236
237
238
242
246
249
250
269
324
340
347
355
356
366
370
374
375
377
378
384
389
392
395
396
397
398
399
400
404
408
411
413
416
417
426
430
432
434
435
438
442
446
447
448
449
450
451
452
459
460
461
462
463
464
465
466
467
468
473
474
478
479
481
482
483
492
493
498
502
504
515
527
566
567
568
570
571
573
582
589
594
595
598
599
602
603
617
618
619
621
624
635
636
650
665
666
678
679
690
693
709
712
732
738
751
758
760
762
763
767
769
777
791
801
807
808
813
821
822
833
834
839
842
845
854
856
860
866
876
878
882
883
884
887
888
889
890
891
892
893
894
895
896
897
898
899
900
901
902
903
904
905
906
913
916
917
918
924
925
926
929
930
935
936
937
938
944
949
953
956
958
961
967
968
969
970
971
974
978
979
987
988
991
992
998
999
1000
1002
1006
1007
1009
1010
1011
1017
1019
1020
1022
1024
1027
1033
1034
1037
1043
1051
1052
1055
1057
1059
1062
1067
1069
1072
1074
1076
1079
1080
1081
1086
1088
1089
1090
1091
1092
1094
1095
1096
1098
1099
1101
1102
1107
1108
1111
1112
1118
1122
1123
1130
1132
1133
1135
1136
1145
1147
1149
1150
1153
1156
1157
1160
1164
1165
1167
1172
1176
1178
1179
1180
1181
1182
1183
1189
1191
1194
1195
1202
1211
1212
1215
1221
1224
1225
1226
1228
1230
1231
1232
1233
1236
1237
1238
1241
1244
1245
1246
1248
1249
1250
1252
1253
1254
1257
1259
1261
1262
1268
1269
1270
1276
1285
1286
1287
1288
1292
1295
1296
1297
1298
1303
1313
1314
1336
1338
1341
1342
1343
1344
1345
1346
1347
1348
1349
1350
1351
1352
1355
1356
1357
1358
1362
1372
1374
1378
1380
1381
1384
1397
1398
1399
1400
1410
1412
1413
1414
1415
1416
1417
1418
1419
1420
1421
1422
1423
1424
1425
1426
1427
1428
1429
1430
1431
1432
1433
1434
1435
1436
1437
1438
1439
1442
1443
1451
1455
1456
1457
1458
1459
1460
1465
1468
1469
1470
1471
1472
1473
1474
1475
1476
1477
1481
1482
1484
1488
1490
1492
1493
1498
1517
1519
1525
1526
1529
1534
1536
1537
1538
1541
1542
1544
1553
1557
1559
1560
1563
1564
1565
1566
1568
1573
1575
1576
1577
1582
1583
1590
1599
1602
1603
1604
1606
1609
1618
1620
1621
1622
1623
1626
1628
1629
1631
1641
1643
1645
1647
1650
1651
1652
1657
1658
1660
1661
1664
1665
1667
1668
1669
1670
1671
1675
1676
1678
1681
1682
1685
1686
1690
1691
1693
1694
1696
1703
1704
1706
1708
1709
1710
1712
1713
1719
1726
1731
1733
1735
1736
1737
1738
1740
1743
1745
1746
1747
1751
1759
1760
1761
1762
1766
1768
1769
1773
1774
1775
1777
1789
1790
1792
1794
1795
1796
1799
1800
1802
1803
1805
1806
1807
1811
1815
1816
1818
1820
1822
1823
1827
1828
1830
1831
1832
1833
1835
1837
1840
1844
1845
1848
1849
1850
1851
1853
1854
1860
1862
1865
1866
1873
1879
1880
1898
1899
1900
1901
1903
1911
1913
1915
1917
1920
1921
1922
1923
1924
1925
1927
1928
1929
1932
1933
1935
1938
1944
1947
1952
1954
1956
1959
1962
1964
1972
1977
1978
1980
1985
1992
2001
2002
2003
2010
2011
2013
2014
2019
2022
2023
2025
2026
2031
2032
2042
2043
2048
2049
2051
2056
2057
2058
2060
2061
2062
2063
2064
2065
2066
2067
2068
2080
2083
2084
2087
2089
2090
2094
2097
2107
2108
2109
2110
2111
2113
2114
2123
2124
2125
2126
2127
2128
2130
2143
2144
2154
2156
2158
2161
2163
2169
2170
2174
2176
2178
2196
2200
2201
2202
2203
2205
2212
2214
2216
2229
2234
2243
2249
2251
2252
2253
2254
2255
2256
2257
2258
2262
2269
2273
2285
2291
2292
2293
2294
2298
2299
2300
2301
2302
2307
2312
2318
2319
2321
2331
2332
2335
2361
2362
2364
2369
2382
2383
2389
2390
2404
2408
2418
2422
2423
2448
2449
2451
2452
2453
2461
2462
2463
2470
2472
2473
2474
2475
2482
2483
2484
2510
2511
2516
2521
2524
2527
2560
2561
2581
2582
2583
2584
2589
2592
2593
2598
2599
2600
2601
2603
2606
2607
2608
2619
2620
2622
2683
2685
2688
2689
2690
2692
2694
2695
2696
2697
2698
2699
2700
2704
2709
2713
2717
2719
2722
2723
2724
2726
2727
2731
2734
2735
2737
2740
2741
2745
2746
2747
2754
2757
2759
2762
2765
2768
2769
2770
2772
2775
2776
2777
2778
2780
2782
2785
2786
2787
2791
2792
2795
2797
2803
2808
2818
2819
2820
2837
2839
2847
2851
2881
2884
2889
2901
2903
2904
2905
2906
2933
2941
2951
2952
2961
2969
2970
2978
2980
2987
3000
3005
3008
3014
3015
3016
3019
3021
3022
3024
3025
3027
3028
3035
3036
3044
3054
3059
3060
3064
3065
3067
3069
3070
3071
3072
3080
3086
3087
3098
3099
3100
3101
3104
3114
3115
3127
3135
3147
3152
3153
3154
3157
3166
3175
3178
3183
3192
3193
3214
3222
3223
3227
3230
3231
3232
3234
3235
3248
3251
3269
3270
3288
3315
3323
3325
3327
3342
3349
3352
3354
3359
3361
3363
3366
3371
3389
3398
3399
3407
3418
3429
3430
3432
3444
3446
3448
3464
3480
3481
3486
3498
3505
3509
3511
3515
3522
3533
3547
3549
3561
3572
3574
3579
3588
3593
3594
3595
3596
3599
3600
3602
3603
3605
3609
3613
3616
3625
3626
3637
3640
3653
3655
3656
3661
3665
3667
3670
3671
3673
3675
3676
3692
3712
3726
3735
3745
3762
3763
3764
3782
3783
3784
3785
3786
3816
3832
3837
3840
3843
3846
3848
3853
3861
3864
3884
3900
3901
3910
3913
3923
3927
3931
3932
3935
3948
3952
3960
3963
3964
3969
3972
3974
3989
4003
4012
4013
4014
4026
4028
4031
4038
4039
4042
4051
4052
4058
4063
4067
4068
4073
4075
4082
4083
4087
4088
4094
4106
4107
4119
4131
4134
4151
4154
4155
4162
4177
4183
4186
4192
4196
4198
4208
4209
4211
4240
4242
4244
4252
4262
4264
4280
4282
4312
4318
4320
4332
4334
4371
4385
4386
4406
4411
4416
4420
4427
4437
4439
4443
4454
4462
4470
4486
4503
4504
4509
4522
4524
4531
4532
4534
4540
4548
4549
4565
4566
4567
4574
4578
4581
4596
4597
4618
4646
4650
4654
4657
4663
4664
4672
4690
4712
4719
4725
4726
4765
4773
4807
4808
4810
4835
4851
4854
4855
4856
4876
4886
4898
4901
4923
4927
4929
4933
4934
4938
4940
4961
4967
4970
4981
4985
4999
5002
5019
5020
5022
5023
5025
5031
5032
5034
5039
5045
5051
5052
5053
5070
5071
5072
5074
5075
5079
5080
5090
5114
5136
5143
5151
5152
5153
5164
5165
5178
5189
5204
5205
5220
5225
5226
5228
5232
5233
5237
5250
5251
5252
5266
5270
5277
5278
5288
5289
5291
5292
5293
5296
5306
5308
5310
5311
5322
5332
5342
5343
5351
5355
5356
5369
5386
5395
5396
5421
5440
5460
5469
5475
5485
5493
5496
5505
5507
5521
5525
5539
5549
5581
5583
5584
5585
5593
5620
5624
5636
5658
5682
5684
5691
5702
5715
5725
5742
5753
5755
5760
5763
5781
5811
5813
5828
5829
5833
5838
5845
5849
5854
5859
5869
5870
5871
5873
5874
5877
5883
5889
5891
5940
5990
5997
6000
6016
6030
6033
6046
6050
6056
6062
6067
6087
6090
6091
6096
6115
6151
6152
6162
6163
6169
6171
6178
6205
6209
6213
6215
6226
6229
6230
6280
6288
6291
6293
6297
6312
6324
6325
6331
6336
6344
6374
6375
6380
6381
6383
6413
6421
6428
6443
6448
6452
6460
6467
6484
6489
6496
6500
6511
6527
6567
6572
6573
6577
6579
6581
6587
6594
6610
6624
6633
6634
6636
6672
6675
6676
6682
6702
6704
6707
6714
6718
6721
6741
6746
6747
6758
6768
6772
6773
6787
6792
6794
6800
6811
6829
6830
6833
6836
6839
6848
6850
6867
6872
6875
6880
6889
6895
6904
6918
6919
6920
6922
6941
6945
6964
6973
6989
7052
7059
7079
7081
7088
7090
7106
7109
7124
7144
7156
7160
7192
7222
7248
7254
7270
7279
7290
7334
7336
7338
7363
7364
7367
7419
7427
7430
7435
7436
7472
7491
7522
7527
7540
7549
7551
7559
7580
7592
7645
7695
7697
7698
7728
7739
7740
7745
7752
7786
7867
7900
7960
8011
8017
8026
8064
8065
8074
8078
8086
8097
8098
8100
8132
8133
8145
8146
8171
8211
8214
8215
8246
8247
8249
8250
8277
8278
8285
8287
8297
8337
8348
8358
8362
8363
8364
8375
8394
8408
8449
8456
8457
8460
8487
8491
8514
8553
8624
8630
8664
8666
8678
8745
8795
8799
8800
8840
8841
8853
8879
8883
8888
8897
8898
8899
8915
8921
8934
8937
8955
8956
8960
8986
8995
8999
9040
9041
9043
9047
9053
9065
9087
9088
9098
9106
9107
9120
9121
9127
9130
9135
9159
9202
9204
9221
9228
9239
9241
9252
9260
9330
9331
9332
9338
9342
9343
9349
9356
9365
9367
9376
9385
9387
9390
9391
9393
9403
9421
9438
9465
9479
9488
9491
9493
9494
9498
9500
9513
9520
9521
9522
9526
9528
9539
9544
9566
9568
9613
9629
9646
9690
9691
9706
9708
9716
9723
9724
9731
9735
9737
9745
9750
9751
9759
9761
9781
9793
9797
9799
9806
9837
9851
9861
9881
9893
9911
9919
9936
9941
9969
9972
9978
9979
9981
9993
9999
10005
10015
10033
10048
10049
10073
10074
10075
10076
10087
10090
10092
10105
10113
10153
10155
10156
10161
10163
10172
10189
10194
10199
10200
10201
10202
10203
10209
10213
10218
10224
10260
10263
10294
10302
10304
10308
10319
10330
10334
10336
10342
10350
10372
10396
10418
10444
10447
10456
10463
10465
10466
10470
10479
10483
10490
10524
10526
10527
10528
10545
10549
10562
10578
10581
10588
10589
10592
10604
10620
10622
10624
10628
10639
10643
10648
10659
10681
10686
10689
10693
10701
10702
10713
10714
10715
10716
10717
10751
10763
10780
10790
10793
10794
10802
10808
10810
10812
10815
10845
10852
10882
10893
10924
10934
10937
11001
11021
11043
11061
11077
11083
11087
11099
11103
11209
11227
11241
11255
11269
11281
11285
11299
11319
11355
11359
11375
11385
11405
11441
11471
11543
11547
11617
11633
11635
11659
11661
11663
11695
11703
11705
11737
11741
11743
11751
11755
11757
11759
11761
11767
11777
11783
11787
11813
11835
11837
11841
11859
11883
11897
11933
11995
12001
12015
12017
12029
12031
12049
12053
12065
12067
12079
12113
12115
12139
12157
12191
12223
12231
12279
12281
12293
12317
12337
12343
12347
12361
12367
12399
12401
12413
12419
12429
12439
12441
12471
12487
12505
12529
12561
12565
12651
12671
12677
12715
12725
12729
12745
12753
12765
12799
12851
12857
12859
12877
12879
12885
12887
12929
12951
12967
12979
13041
13115
13117
13119
13143
13145
13161
13183
13185
13201
13203
13239
13271
13307
13331
13335
13391
13411
13601
13667
13669
13693
13709
13769
13835
13843
13863
13927
13939
13993
14007
14039
14067
14075
14093
14095
14117
14123
14131
14237
14267
14283
14345
14347
14467
14513
14527
14529
14617
14623
14629
14663
14675
14719
14765
14781
14821
14829
14837
14875
14989
15059
15119
15133
15177
15197
15199
15201
15219
15315
15323
15335
15359
15377
15399
15417
15437
15451
15489
15565
15583
15611
15613
15633
15651
15719
15735
15751
15783
15793
15795
15847
15863
15879
15905
15933
15937
15959
15961
16005
16011
16021
16035
16049
16131
16143
16157
16159
16239
16251
16259
16261
16331
16335
16345
16355
16363
16385
16399
16419
16442
16468
16498
16512
16524
16558
16560
16562
16564
16566
16568
16574
16576
16590
16614
16620
16648
16656
16668
16680
16728
16746
16748
16754
16756
16774
16780
16784
16786
16788
16790
16794
16796
16798
16800
16802
16804
16806
16808
16810
16812
16814
16818
16820
16822
16828
16830
16832
16834
16870
16904
17002
17048
17068
17080
17115
17131
17141
17165
17167
17187
17247
17265
17269
17277
17291
17293
17339
17379
17389
17391
17395
17467
17505
17563
17621
17649
17651
17655
17659
17677
17679
17699
17717
17843
17873
17887
17917
17919
17947
17965
18001
18041
18055
18115
18153
18227
18229
18247
18269
18271
18273
18275
18277
18283
18295
18301
18303
18305
18307
18309
18311
18313
18315
18319
18321
18325
18329
18331
18393
18397
18429
18441
18447
18497
18499
18521
18523
18557
18583
18617
18619
18637
18679
18683
18723
18767
18771
18799
18815
18835
18893
18919
18989
19163
19169
19171
19191
19195
19211
19279
19285
19291
19319
19365
19367
19429
19437
19479
19547
19555
19613
19653
19687
19703
19717
19729
19745
19749
19753
19759
19769
19775
19783
19855
19871
19921
19951
19977
19983
19989
19997
20021
20035
20045
20053
20141
20159
20261
20329
20479
20507
20509
20543
20689
20709
20723
20743
20785
20787
20853
20899
20945
20961
20973
21013
21039
21077
21085
21107
21177
21195
21215
21235
21339
21353
21407
21415
21419
21437
21473
21491
21497
21507
21511
21523
21545
21547
21573
21595
21639
21641
21653
21659
21663
21677
21695
21703
21729
21743
21809
21821
21843
21881
21899
21997
21999
22031
22043
22049
22065
22093
22097
22117
22137
22145
22199
22297
22313
22319
22377
22417
22433
22435
22535
22547
22561
22663
22669
22677
22687
22689
22695
22699
22729
22777
22877
22943
22973
22997
23037
23067
23133
23199
23201
23233
23249
23259
23281
23293
23299
23301
23309
23311
23317
23319
23321
23325
23333
23353
23359
23385
23387
23409
23421
23459
23511
23523
23605
23697
23699
23723
23725
23755
23775
23777
23819
23825
23837
23855
23857
23931
23933
23935
23991
24029
24045
24053
24089
24133
24171
24231
24261
24269
24405
24439
24441
24455
24469
24489
24527
24619
24625
24655
24703
24705
24719
24751
24781
24833
24873
24893
24919
24921
25013
25015
25049
25157
25183
25283
25285
25313
25389
25393
25397
25429
25431
25457
25537
25543
25591
25647
25687
25731
25777
25781
25815
25867
25873
25939
25981
26053
26055
26183
26209
26243
26443
26449
27387
27411
27503
27509
27525
27631
27653
27655
27677
27783
27785
27811
27815
27821
27825
27829
27831
27833
27891
27899
27939
27943
27947
27967
27991
28013
28019
28045
28057
28067
28121
28145
28151
28155
28201
28215
28221
28237
28241
28249
28283
28285
28351
28405
28419
28431
28447
28479
28495
28497
28511
28537
28539
28623
28631
28669
28675
28683
28685
28701
28713
28715
28755
28791
28817
28833
28883
28907
28927
28977
29027
29089
29223
29255
29291
29325
29413
29419
29437
29605
29609
29687
29758
29803
29850
29854
29876
29910
29935
29936
29937
29961
29975
30016
30042
30058
30060
30061
30066
30070
30080
30091
30094
30095
30097
30134
30137
30143
30155
30159
30173
30178
30191
30228
30250
30251
30268
30276
30278
30296
30300
30321
30347
30363
30365
30370
30382
30385
30410
30412
30455
30458
30503
30533
30537
30544
30549
30571
30573
30654
30663
30679
30694
30711
30736
30749
30757
30767
30778
30806
30818
30868
30869
30870
30873
30901
30911
30915
30916
30925
30965
31014
31035
31050
31064
31065
31070
31098
31105
31113
31116
31128
31133
31137
31138
31147
31149
31156
31163
31168
31170
31196
31211
31223
31229
31233
31251
31289
31297
31318
31338
31339
31378
31389
31402
31418
31427
31430
31442
31454
31467
31478
31490
31493
31500
31505
31552
31561
31580
31592
31593
31598
31629
31637
31645
31676
31678
31700
31704
31706
31710
31716
31722
31736
31737
31741
31750
31756
31757
31758
31763
31764
31765
31772
31785
31790
31812
31821
31838
31845
31853
31859
31861
31866
31884
31904
31912
31927
31931
31933
31948
31964
31966
31973
32005
32015
32023
32034
32051
32059
32071
32083
32086
32105
32108
32122
32136
32150
32160
32171
32182
32189
32214
32215
32218
32219
32245
32247
32248
32269
32270
32271
32289
32295
32296
32298
32301
32311
32313
32321
32359
32360
32365
32370
32377
32379
32385
32415
32437
32467
32543
32548
32551
32564
32566
32574
32582
32590
32608
32613
32615
32668
32681
32736
32739
32786
32792
32802
32827
32836
32843
32863
32866
32867
32878
32885
32887
32889
32890
32898
32900
32915
32927
32950
32951
32961
32981
32998
33003
33018
33021
33023
33024
33025
33027
33028
33032
33041
33047
33048
33049
33050
33051
33064
33071
33074
33075
33080
33082
33155
33183
33184
33185
33191
33195
33205
33221
33232
33248
33253
33258
33271
33278
33286
33309
33314
33338
33348
33350
33357
33366
33371
33372
33383
33391
33396
33421
33433
33438
33465
33475
33478
33484
33486
33493
33506
33513
33519
33520
33546
33558
33562
33564
33581
33589
33600
33601
33605
33606
33669
33670
33671
33685
33686
33687
33697
33703
33704
33708
33709
33713
33724
33726
33728
33729
33730
33737
33756
33758
33759
33764
33771
33775
33783
33834
33889
33926
33929
33934
33950
33957
33964
33972
33983
33985
34019
34021
34034
34051
34055
34077
34085
34086
34088
34096
34100
34103
34104
34125
34126
34129
34134
34151
34152
34161
34176
34248
34279
34281
34289
34290
34299
34300
34302
34314
34321
34324
34325
34391
34414
34427
34428
34430
34437
34438
34439
34440
34449
34451
34465
34472
34475
34486
34501
34502
34510
34511
34514
34532
34533
34539
34540
34542
34544
34561
34565
34566
34572
34577
34604
34622
34642
34644
34649
34661
34662
34670
34673
34675
34678
34701
34721
34751
34766
34776
34777
34779
34812
34820
34834
34835
34862
34863
34866
34901
34904
34905
34929
34941
34944
34962
34964
34975
35009
35072
35073
35076
35086
35122
35137
35138
35156
35202
35204
35206
35224
35240
35262
35265
35301
35314
35326
35333
35379
35399
35424
35425
35459
35504
35505
35520
35521
35557
35567
35589
35594
35626
35635
35654
35676
35684
35691
35737
35759
35760
35776
35790
35798
35799
35834
35835
35843
35847
35848
35849
35853
35854
35855
35857
35868
35889
35910
35921
35928
35946
35949
35952
35964
35972
35982
35984
35999
36015
36022
36023
36028
36029
36036
36037
36039
36040
36064
36077
36106
36144
36160
36164
36184
36194
36197
36215
36226
36246
36266
36267
36288
36290
36316
36318
36342
36343
36344
36345
36407
36419
36423
36424
36425
36427
36429
36432
36436
36440
36444
36456
36458
36466
36474
36475
36480
36491
36497
36510
36511
36515
36516
36517
36522
36524
36531
36544
36556
36561
36571
36587
36592
36593
36616
36619
36625
36633
36636
36644
36649
36655
36661
36688
36702
36722
36729
36732
36740
36762
36771
36783
36803
36816
36825
36828
36838
36858
36861
36871
36882
36894
36896
36903
36910
36915
36923
36927
36937
36946
36951
36967
36976
36991
36995
36996
37013
37055
37058
37078
37087
37090
37148
37150
37151
37152
37154
37164
37169
37176
37184
37185
37186
37187
37202
37208
37210
37221
37232
37242
37245
37247
37254
37262
37277
37283
37291
37293
37303
37304
37305
37306
37307
37311
37318
37345
37346
37347
37348
37349
37364
37374
37385
37388
37395
37426
37430
37436
37438
37440
37441
37442
37446
37447
37449
37475
37476
37483
37484
37491
37496
37498
37501
37505
37506
37509
37510
37516
37520
37521
37547
37551
37555
37561
37569
37571
37576
37578
37584
37590
37598
37599
37600
37601
37623
37642
37643
37651
37655
37657
37672
37675
37704
37719
37735
37737
37744
37760
37764
37765
37769
37781
37799
37806
37807
37822
37823
37828
37831
37856
37857
37865
37884
37885
37887
37888
37897
37902
37928
37932
37936
37937
37952
37966
37979
37984
37986
37989
37991
37994
37997
37998
38000
38003
38005
38012
38015
38017
38020
38021
38022
38024
38046
38073
38083
38084
38085
38086
38088
38093
38114
38125
38149
38153
38180
38192
38198
38206
38220
38234
38268
38292
38297
38301
38312
38325
38328
38360
38365
38373
38393
38408
38409
38410
38413
38416
38419
38425
38431
38435
38436
38440
38450
38464
38467
38469
38480
38481
38489
38490
38491
38524
38528
38536
38544
38557
38578
38600
38601
38628
38650
38653
38656
38659
38663
38664
38667
38668
38671
38672
38673
38681
38688
38689
38690
38693
38699
38710
38714
38715
38716
38717
38719
38720
38739
38740
38741
38742
38744
38770
38790
38793
38799
38807
38810
38818
38819
38830
38837
38843
38850
38853
38860
38895
38897
38909
38918
38920
38937
38940
38972
38981
38982
39023
39024
39039
39040
39057
39063
39080
39178
39188
39189
39199
39221
39223
39231
39235
39239
39244
39249
39274
39282
39298
39310
39333
39355
39410
39417
39419
39463
39469
39470
39475
39482
39486
39487
39489
39491
39506
39518
39519
39523
39539
39551
39565
39567
39576
39589
39592
39597
39618
39622
39634
39638
39651
39652
39675
39679
39701
39705
39707
39714
39720
39736
39754
39764
39778
39806
39811
39823
39833
39893
39906
39912
39917
39935
39967
39991
40005
40015
40028
40052
40056
40059
40060
40062
40064
40073
40074
40080
40082
40083
40097
40103
40104
40109
40111
40143
40145
40154
40165
40166
40167
40179
40182
40192
40194
40206
40221
40233
40239
40250
40251
40256
40269
40282
40283
40302
40313
40320
40323
40340
40345
40351
40356
40357
40367
40389
40394
40395
40403
40405
40410
40416
40434
40454
40456
40484
40485
40486
40489
40496
40497
40507
40529
40540
40550
40554
40567
40578
40587
40590
40595
40597
40608
40610
40613
40623
40636
40638
40682
40712
40730
40732
40733
40734
40735
40748
40750
40761
40762
40780
40783
40784
40823
40849
40858
40861
40870
40876
40881
40885
40890
40901
40906
40907
40908
40909
40940
40942
40948
40956
40961
40964
40966
40979
40982
40991
41030
41053
41062
41063
41074
41080
41093
41109
41139
41140
41141
41194
41199
41205
41215
41219
41220
41222
41265
41283
41296
41306
41335
41341
41345
41353
41372
41380
41405
41409
41415
41417
41433
41439
41456
41457
41461
41467
41468
41475
41480
41487
41491
41494
41496
41497
41514
41515
41519
41528
41529
41531
41546
41549
41573
41587
41595
41612
41617
41623
41632
41667
41694
41710
41714
41734
41750
41785
41802
41814
41834
41873
41884
41899
41911
41912
41915
41917
41918
41920
41923
42030
42033
42070
42084
42091
42106
42129
42132
42135
42136
42137
42138
42139
42144
42146
42147
42148
42149
42151
42153
42156
42158
42163
42174
42183
42187
42192
42205
42209
42215
42220
42249
42266
42267
42268
42284
42285
42290
42291
42292
42293
42307
42310
42320
42329
42339
42343
42359
42387
42392
42422
42423
42456
42460
42464
42465
42466
42468
42522
42544
42603
42625
42627
42641
42645
42658
42685
42723
42729
42740
42760
42761
42765
42766
42791
42794
42803
42805
42808
42825
42835
42885
42890
42892
42893
42898
42914
42916
42947
42950
42955
42966
42976
42979
42985
43019
43204
43205
43206
43229
43291
43309
43434
43506
43523
43565
43626
43684
43690
43697
43702
43703
43727
43729
43741
43763
43868
44031
44032
44033
44041
44047
44050
44053
44060
44061
44062
44064
44065
44068
44070
44071
44075
44076
44078
44079
44087
44090
44096
44191
44196
44200
44202
44203
44213
44218
44221
44233
44236
44276
44292
44293
44294
44295
44296
44297
44298
44300
44301
44302
44303
44388
44389
44393
44394
44395
44396
44397
44399
44406
44410
44412
44511
44513
44516
44517
44524
44543
44544
44545
44560
44570
44571
44576
44577
44615
44634
44699
44741
44752
44765
44870
44881
44899
44900
44940
44942
45028
45040
45042
45053
45058
45102
45103
45120
45143
45144
45145
45146
45169
45195
45206
45260
45444
45445
45447
45448
45556
45557
45558
45560
45574
45584
45599
45626
45654
45665
45753
45781
45783
45815
45820
46095
46252
46298
46381
46420
46447
46569
46604
46639
46652
46657
46658
46821
46846
46853
46907
46925
47044
47063
47160
47161
47162
47163
47164
47211
47217
47218
47219
47226
47227
47228
47234
47235
47249
47250
47275
47391
47405
47409
47410
47413
47438
47450
47451
47634
47654
47777
47778
47790
47795
47838
47841
47983
48023
48123
48161
48183
48195
48200
48203
48210
48214
48217
48219
48235
48262
48263
48290
48316
48318
48322
48325
48326
48331
48333
48369
48375
48414
48415
48417
48418
48441
48453
48455
48466
48470
48492
48505
48510
48543
48555
48556
48561
48569
48575
48580
48582
48583
48585
48612
48617
48643
48644
48649
48661
48673
48680
48749
48750
48751
48754
48759
48760
48761
48842
48862
48867
48868
48873
48874
48890
48895
48896
48903
48910
48914
48941
48954
48956
48965
48976
48981
49040
49070
49073
49079
49098
49114
49154
49165
49170
49199
49204
49211
49228
49233
49235
49236
49241
49297
49305
49316
49318
49320
49321
49338
49342
49357
49368
49369
49386
49387
49398
49402
49426
49433
49448
49454
49498
49515
49523
49558
49559
49567
49569
49570
49571
49572
49574
49612
49613
49618
49681
49701
49703
49742
49750
49766
49785
49817
49818
49819
49820
49827
49828
49831
49877
49889
49891
49894
49915
49918
49926
49930
49981
49984
49985
50002
50019
50021
50094
50114
50160
50172
50175
50184
50194
50205
50481
50501
50503
50510
50526
50528
50532
50538
50539
50544
50549
50559
50565
50581
50582
50587
50588
50602
50606
50607
50608
50613
50629
50633
50636
50638
50644
50647
50657
50664
50667
50673
50675
50678
50709
50713
50768
50770
50849
50855
50871
50891
50898
50916
50920
50925
50932
50953
50963
51009
51019
51020
51037
51038
51039
51043
51064
51098
51105
51119
51128
51131
51145
51155
51162
51191
51195
51196
51197
51198
51207
51210
51216
51239
51240
51241
51252
51263
51267
51278
51287
51289
51291
51297
51321
51324
51334
51335
51347
51366
51367
51368
51369
51371
51377
51378
51381
51383
51387
51389
51390
51392
51417
51457
51473
51490
51517
51520
51532
51534
51535
51554
51558
51562
51563
51569
51584
51585
51601
51608
51623
51648
51653
51673
51677
51681
51682
51693
51706
51711
51726
51727
51735
51746
51769
51773
51780
51791
51794
51801
51818
51821
51834
51836
51859
51860
51861
51863
51864
51897
51898
51903
51912
51920
51923
51941
51954
51964
51993
51996
52019
52046
52079
52093
52101
52105
52132
52134
52168
52178
52180
52182
52193
52194
52196
52199
52211
52221
52228
52251
52257
52273
52274
52282
52291
52293
52295
52299
52347
52357
52368
52383
52389
52397
52399
52401
52460
52475
52518
52519
52522
52546
52547
52552
52554
52588
52593
52608
52620
52623
52635
52642
52644
52646
52648
52680
52684
52687
52688
52735
52741
52747
52754
52755
52762
52765
52807
52808
52811
52812
52816
52830
52845
52867
52869
52878
52880
52887
52921
52948
52949
52976
52995
53013
53022
53025
53026
53033
53094
53109
53111
53127
53131
53149
53150
53162
53173
53179
53192
53196
53199
53205
53206
53213
53223
53231
53235
53236
53237
53249
53251
53254
53273
53315
53329
53341
53365
53367
53411
53414
53434
53439
53447
53473
53476
53477
53494
53498
53502
53529
53540
53580
53587
53598
53599
53603
53604
53613
53618
53625
53626
53633
53646
53716
53730
53748
53767
53770
53774
53781
53783
53794
53848
53850
53851
53865
53873
53874
53876
53881
53882
53883
53887
53888
53889
53890
53903
53911
53913
53973
53998
54000
54013
54017
54021
54029
54033
54081
54112
54123
54124
54141
54142
54143
54144
54145
54163
54164
54165
54169
54171
54177
54196
54261
54265
54280
54285
54287
54309
54313
54325
54339
54344
54346
54362
54388
54398
54406
54411
54415
54416
54418
54419
54420
54421
54424
54425
54426
54427
54431
54437
54440
54444
54448
54449
54463
54475
54495
54533
54565
54595
54631
54637
54646
54648
54650
54655
54656
54687
54688
54697
54709
54715
54716
54717
54722
54736
54737
54738
54743
54750
54762
54769
54772
54775
54789
54793
54794
54798
54851
54852
54853
54860
54863
54869
54875
54881
54883
54895
54898
54900
54902
54913
54917
54918
54922
54931
54944
54947
54993
54996
54997
55014
55015
55034
55080
55082
55130
55143
55151
55185
55186
55188
55191
55192
55193
55196
55219
55226
55231
55272
55283
55289
55303
55305
55317
55324
55327
55339
55351
55355
55364
55371
55372
55454
55528
55534
55541
55542
55546
55563
55571
55576
55578
55608
55624
55625
55640
55643
55647
55655
55656
55657
55684
55692
55693
55694
55701
55717
55727
55732
55733
55739
55740
55745
55746
55762
55769
55772
55790
55804
55806
55809
55813
55825
55829
55830
55843
55845
55848
55855
55856
55864
55881
55894
55971
55975
55977
55978
55993
55994
55997
56007
56008
56009
56041
56059
56062
56063
56118
56125
56141
56144
56155
56157
56189
56196
56207
56215
56216
56242
56243
56246
56248
56261
56267
56268
56269
56270
56271
56272
56274
56277
56278
56279
56280
56281
56282
56283
56284
56285
56297
56298
56299
56300
56301
56302
56303
56304
56305
56306
56307
56308
56309
56310
56311
56312
56319
56321
56342
56350
56354
56360
56361
56367
56372
56392
56400
56405
56408
56439
56442
56448
56459
56460
56471
56480
56481
56484
56485
56488
56505
56514
56523
56524
56529
56544
56558
56559
56572
56575
56578
56579
56597
56605
56609
56612
56629
56640
56646
56647
56671
56685
56690
56704
56716
56717
56731
56732
56736
56747
56764
56765
56766
56773
56774
56784
56787
56796
56797
56798
56820
56828
56835
56836
56837
56840
56841
56845
56850
56854
56860
56893
56894
56902
56906
56930
56943
56958
56963
56967
56972
56981
56986
56989
56990
56991
56992
57015
57051
57058
57059
57066
57067
57084
57093
57094
57095
57096
57100
57101
57105
57106
57117
57118
57119
57120
57121
57123
57124
57125
57126
57127
57128
57129
57130
57131
57132
57150
57160
57183
57184
57207
57219
57222
57226
57264
57267
57303
57334
57351
57360
57363
57371
57390
57434
57435
57440
57442
57468
57469
57480
57485
57500
57502
57512
57513
57518
57519
57529
57532
57538
57544
57550
57554
57555
57556
57557
57567
57569
57584
57590
57594
57605
57609
57612
57613
57629
57646
57652
57656
57658
57688
57699
57702
57718
57743
57779
57798
57801
57827
57828
57834
57836
57837
57846
57865
57866
57876
57877
57878
57883
57891
57892
57906
57907
57928
57929
57931
57932
57944
57945
57952
57961
57972
58001
58015
58018
58034
58047
58052
58056
58057
58059
58068
58080
58091
58092
58137
58172
58174
58178
58197
58216
58224
58248
58295
58316
58323
58357
58372
58373
58430
58435
58445
58448
58450
58462
