6
8
20
21
25
33
47
48
55
56
58
68
81
84
92
95
97
103
104
107
108
109
111
112
115
116
117
118
121
123
124
129
130
131
136
137
138
139
153
154
159
160
163
164
167
168
171
175
176
177
182
192
194
199
202
205
206
207
208
209
212
222
223
225
232
234
235
236
237
238
246
249
250
251
268
269
271
280
285
286
288
294
295
296
297
298
301
302
331
332
347
360
366
370
373
375
377
378
380
381
391
393
400
402
404
408
411
416
418
419
420
424
426
428
430
431
432
434
435
439
442
445
449
450
451
452
455
457
459
460
461
462
463
464
465
466
473
479
481
484
486
495
496
497
498
499
501
502
503
504
508
511
512
513
515
521
522
523
525
527
528
534
535
536
537
544
552
554
561
562
565
568
572
573
584
589
592
594
597
599
602
606
607
608
613
617
618
623
633
635
636
647
664
665
666
678
679
705
708
709
712
731
738
751
754
757
761
762
763
764
765
773
779
780
781
791
792
796
807
808
812
813
825
834
844
845
854
859
865
866
867
868
869
872
873
874
876
890
891
892
893
894
895
896
897
898
899
900
901
902
903
904
905
906
909
910
911
912
915
924
925
926
927
928
929
936
944
950
953
956
957
958
959
960
969
970
971
973
978
984
985
986
987
996
997
998
999
1000
1001
1005
1010
1011
1017
1018
1022
1023
1025
1026
1031
1032
1033
1035
1044
1045
1046
1050
1051
1052
1058
1059
1064
1068
1069
1076
1081
1085
1086
1090
1092
1094
1099
1100
1107
1108
1110
1111
1112
1117
1118
1119
1120
1121
1122
1123
1132
1136
1137
1138
1139
1140
1141
1143
1149
1150
1154
1155
1157
1158
1159
1161
1162
1163
1164
1165
1166
1168
1169
1170
1171
1172
1176
1179
1181
1184
1186
1189
1194
1195
1200
1202
1205
1208
1211
1212
1224
1225
1226
1230
1231
1236
1237
1238
1247
1249
1250
1251
1252
1253
1254
1255
1256
1257
1258
1259
1260
1262
1264
1265
1266
1267
1276
1277
1279
1283
1287
1292
1295
1301
1302
1312
1313
1325
1333
1346
1347
1348
1352
1363
1364
1365
1366
1367
1369
1371
1379
1380
1382
1391
1397
1398
1400
1411
1412
1413
1414
1415
1416
1417
1418
1419
1420
1421
1422
1423
1424
1425
1426
1427
1428
1429
1430
1431
1432
1433
1434
1435
1436
1437
1438
1439
1440
1442
1443
1444
1445
1448
1450
1456
1458
1459
1460
1466
1469
1478
1481
1482
1483
1487
1488
1490
1491
1503
1505
1506
1509
1525
1526
1527
1537
1542
1549
1553
1563
1564
1565
1567
1572
1574
1578
1580
1582
1586
1590
1598
1599
1606
1611
1618
1620
1625
1626
1627
1630
1638
1645
1650
1651
1652
1660
1663
1664
1666
1668
1669
1670
1671
1676
1677
1678
1681
1686
1696
1704
1705
1706
1709
1710
1711
1713
1724
1731
1735
1736
1737
1744
1745
1746
1747
1759
1760
1761
1762
1768
1773
1774
1775
1777
1778
1792
1794
1795
1796
1799
1800
1802
1803
1805
1806
1816
1818
1820
1822
1823
1826
1827
1829
1831
1833
1837
1839
1840
1848
1849
1850
1851
1853
1854
1855
1863
1866
1867
1868
1872
1873
1891
1892
1894
1897
1899
1901
1910
1914
1919
1920
1921
1922
1923
1924
1925
1928
1938
1939
1940
1941
1942
1944
1946
1951
1952
1954
1957
1961
1964
1972
1994
1998
2001
2006
2012
2019
2030
2031
2032
2036
2043
2049
2053
2055
2060
2066
2068
2069
2072
2074
2075
2078
2079
2084
2085
2086
2088
2089
2090
2095
2099
2100
2102
2107
2108
2109
2110
2111
2123
2127
2128
2141
2142
2143
2144
2150
2151
2154
2162
2164
2168
2171
2173
2174
2175
2193
2196
2199
2201
2202
2203
2207
2211
2229
2230
2243
2249
2263
2264
2277
2279
2281
2284
2285
2286
2287
2288
2289
2290
2292
2311
2313
2314
2319
2330
2331
2332
2333
2334
2337
2361
2363
2364
2365
2382
2383
2389
2390
2391
2392
2393
2397
2398
2399
2408
2409
2415
2416
2418
2422
2427
2428
2429
2451
2452
2456
2464
2467
2470
2471
2472
2473
2474
2483
2484
2487
2488
2497
2501
2503
2512
2513
2514
2515
2522
2523
2524
2528
2529
2535
2543
2544
2545
2556
2559
2561
2565
2567
2569
2571
2572
2573
2574
2575
2577
2578
2579
2589
2591
2597
2598
2599
2600
2606
2607
2613
2614
2618
2619
2620
2632
2633
2645
2650
2653
2654
2655
2656
2657
2658
2661
2662
2664
2665
2666
2668
2670
2671
2673
2674
2676
2677
2678
2685
2686
2688
2689
2695
2696
2702
2705
2707
2713
2715
2717
2718
2719
2722
2724
2747
2749
2750
2751
2754
2762
2766
2769
2770
2776
2777
2778
2780
2782
2783
2789
2793
2799
2804
2806
2809
2811
2813
2816
2817
2819
2820
2824
2825
2826
2828
2829
2830
2831
2832
2833
2835
2836
2842
2847
2848
2851
2882
2889
2890
2895
2913
2928
2929
2962
2966
2970
2971
2972
2978
2980
2983
2987
3005
3008
3010
3019
3027
3031
3032
3033
3036
3038
3044
3054
3059
3061
3064
3065
3069
3072
3075
3101
3114
3115
3127
3132
3135
3137
3146
3151
3152
3153
3154
3162
3175
3176
3178
3183
3185
3192
3193
3199
3214
3218
3221
3230
3232
3271
3295
3298
3313
3317
3327
3352
3355
3372
3381
3390
3401
3425
3432
3434
3436
3451
3460
3461
3466
3486
3493
3499
3501
3505
3515
3549
3561
3570
3571
3576
3594
3603
3609
3624
3626
3631
3637
3638
3659
3669
3673
3689
3690
3712
3726
3727
3737
3738
3745
3752
3757
3758
3760
3761
3765
3806
3809
3810
3811
3812
3822
3828
3834
3836
3837
3842
3845
3848
3858
3861
3873
3876
3877
3886
3898
3905
3907
3915
3923
3935
3936
3952
3962
3968
3969
3990
3991
4013
4024
4025
4026
4028
4039
4049
4051
4052
4058
4060
4061
4066
4067
4068
4071
4074
4080
4086
4087
4088
4094
4098
4106
4131
4138
4151
4154
4155
4177
4186
4188
4191
4197
4199
4200
4240
4242
4244
4246
4252
4262
4320
4375
4389
4390
4391
4394
4395
4415
4427
4437
4443
4444
4447
4450
4459
4468
4470
4471
4476
4481
4504
4509
4511
4513
4514
4521
4524
4551
4563
4567
4584
4597
4598
4614
4615
4616
4646
4651
4657
4663
4667
4690
4709
4712
4719
4726
4733
4773
4792
4793
4794
4795
4798
4800
4801
4807
4808
4810
4835
4851
4874
4876
4884
4886
4910
4917
4921
4926
4938
4940
4943
4948
4961
4962
4970
4981
4983
5006
5013
5014
5019
5023
5027
5031
5032
5037
5041
5071
5075
5084
5091
5096
5104
5114
5129
5152
5184
5189
5192
5197
5201
5226
5233
5238
5249
5252
5256
5260
5267
5272
5274
5278
5287
5289
5292
5293
5306
5307
5314
5337
5341
5343
5348
5369
5372
5440
5458
5475
5478
5484
5496
5530
5535
5538
5578
5581
5600
5624
5636
5652
5656
5673
5688
5689
5691
5712
5715
5725
5742
5760
5783
5838
5844
5854
5871
5876
5886
5907
5920
5921
5922
5923
5931
5933
5934
5935
5940
5943
5962
5986
5997
6007
6033
6046
6050
6062
6067
6072
6112
6115
6124
6153
6154
6156
6162
6171
6172
6178
6189
6202
6215
6261
6262
6275
6291
6297
6303
6312
6325
6374
6375
6383
6397
6421
6437
6438
6443
6444
6460
6489
6496
6511
6524
6554
6555
6557
6583
6593
6594
6607
6630
6633
6671
6695
6701
6702
6704
6714
6718
6771
6811
6834
6838
6843
6846
6847
6849
6851
6855
6872
6877
6878
6889
6899
6901
6909
6930
6941
6951
6965
6970
6971
6975
6979
6988
6989
6992
7045
7058
7083
7106
7109
7135
7144
7156
7216
7230
7252
7285
7290
7294
7303
7304
7305
7308
7314
7329
7330
7334
7364
7395
7405
7419
7430
7435
7436
7471
7477
7479
7491
7496
7522
7550
7551
7605
7619
7626
7639
7664
7681
7695
7721
7729
7740
7752
7786
7808
7845
7867
7876
7900
7904
7953
7982
8026
8057
8065
8086
8097
8108
8109
8115
8130
8139
8140
8141
8150
8152
8153
8154
8155
8157
8158
8171
8180
8182
8183
8184
8194
8208
8226
8227
8228
8234
8235
8239
8240
8243
8245
8246
8247
8285
8304
8310
8311
8358
8359
8362
8363
8364
8369
8373
8375
8394
8410
8415
8438
8442
8456
8490
8491
8493
8553
8563
8595
8598
8609
8624
8664
8709
8740
8777
8799
8812
8839
8853
8879
8897
8899
8900
8950
8955
8956
8963
8964
8965
8966
8995
8999
9000
9035
9045
9061
9088
9095
9106
9107
9130
9135
9172
9200
9204
9221
9228
9303
9314
9324
9332
9346
9356
9365
9371
9376
9387
9389
9390
9391
9392
9395
9403
9417
9438
9501
9520
9521
9522
9528
9531
9584
9629
9690
9760
9768
9785
9786
9789
9792
9798
9857
9858
9862
9878
9906
9917
9947
9963
9973
9991
9999
10005
10017
10033
10074
10105
10118
10135
10136
10137
10138
10139
10149
10155
10189
10194
10199
10200
10202
10203
10207
10210
10218
10224
10236
10237
10244
10259
10260
10263
10270
10319
10330
10334
10336
10342
10355
10357
10370
10391
10405
10444
10471
10524
10527
10528
10531
10534
10589
10592
10622
10623
10628
10629
10686
10687
10690
10701
10703
10732
10740
10741
10766
10852
10904
10916
10917
10924
10933
10965
11009
11019
11053
11061
11069
11093
11095
11203
11241
11275
11299
11319
11375
11385
11421
11533
11561
11673
11685
11717
11755
11757
11773
11777
11783
11787
11853
11859
12001
12049
12065
12113
12115
12117
12135
12223
12231
12267
12295
12341
12343
12347
12371
12413
12429
12471
12477
12529
12589
12663
12671
12677
12715
12791
12795
12799
12807
12851
12859
12887
12901
12917
12929
13029
13047
13103
13169
13185
13201
13203
13231
13239
13247
13249
13251
13255
13271
13307
13331
13365
13423
13439
13499
13587
13667
13669
13679
13709
13731
13789
13799
13821
13931
13955
14093
14249
14267
14333
14349
14355
14381
14513
14617
14719
14735
14833
14837
14875
14913
14935
15015
15067
15093
15095
15133
15323
15347
15479
15579
15663
15735
15743
15783
15823
15913
15915
15925
16009
16021
16027
16041
16143
16163
16239
16251
16255
16345
16363
16385
16389
16468
16480
16482
16510
16518
16524
16556
16586
16590
16678
16680
16702
16728
16752
16754
16756
16778
16780
16784
16788
16798
16800
16808
16810
16812
16814
16816
16818
16830
16832
16834
16838
16870
17088
17090
17113
17115
17137
17165
17167
17201
17221
17223
17265
17341
17457
17473
17489
17505
17521
17619
17624
17657
17675
17687
17699
17743
17873
17969
18115
18269
18273
18275
18283
18303
18307
18309
18311
18313
18315
18321
18329
18331
18393
18489
18491
18521
18533
18603
18731
18821
18937
18939
18941
18943
19099
19117
19211
19291
19311
19325
19367
19457
19463
19489
19505
19587
19645
19687
19731
19773
19781
19825
19877
19899
19951
19957
19965
19981
19983
19987
19993
19995
19999
20027
20111
20113
20141
20147
20159
20173
20175
20185
20189
20381
20441
20463
20533
20673
20743
20799
20853
20899
20907
20945
20961
20963
20975
21021
21101
21235
21255
21329
21435
21447
21479
21485
21509
21561
21569
21571
21695
21703
21843
21867
21881
21939
21997
21999
22043
22065
22097
22101
22241
22249
22327
22329
22359
22361
22427
22547
22591
22603
22613
22621
22625
22645
22677
22695
22699
22777
22827
22887
22943
22979
22981
23007
23009
23015
23067
23265
23293
23299
23301
23319
23321
23351
23393
23409
23581
23585
23611
23615
23703
23707
23739
23755
23763
23801
23819
23825
23849
23863
23909
23911
23967
23991
24041
24047
24051
24075
24231
24261
24269
24455
24669
24681
24687
24701
24909
24923
24927
25013
25027
25029
25069
25071
25073
25081
25083
25085
25087
25095
25161
25363
25389
25431
25503
25517
25591
25607
25633
25687
25717
25749
25805
25867
25889
25891
25921
25939
25963
26055
26063
26189
26199
26359
26443
26447
27369
27379
27393
27437
27465
27495
27497
27501
27653
27825
27891
27943
27947
27965
27993
28041
28045
28047
28049
28051
28057
28097
28099
28103
28105
28121
28145
28155
28201
28215
28249
28293
28431
28447
28497
28595
28683
28695
28717
28733
28755
28759
28771
28805
28833
28853
28869
28907
28957
28983
29135
29233
29235
29353
29367
29371
29373
29375
29387
29389
29393
29399
29413
29419
29421
29423
29425
29427
29429
29467
29473
29475
29493
29505
29527
29529
29611
29613
29687
29716
29727
29733
29756
29803
29832
29854
29863
29886
30027
30028
30029
30034
30046
30048
30057
30060
30066
30071
30117
30120
30121
30134
30140
30155
30176
30313
30343
30347
30349
30360
30370
30410
30447
30473
30481
30483
30530
30648
30679
30694
30736
30738
30767
30778
30831
30909
30911
30944
30965
31049
31052
31098
31113
31128
31150
31201
31205
31231
31233
31236
31238
31246
31289
31318
31339
31373
31427
31452
31490
31493
31573
31592
31593
31629
31637
31640
31670
31672
31678
31722
31741
31750
31764
31765
31821
31827
31829
31838
31859
31866
31868
31892
31893
31911
31927
31933
32014
32051
32108
32136
32171
32218
32219
32230
32247
32269
32270
32321
32359
32365
32369
32370
32379
32437
32534
32543
32551
32566
32580
32582
32585
32593
32595
32596
32608
32609
32621
32622
32628
32630
32663
32665
32681
32732
32773
32796
32797
32801
32808
32809
32820
32823
32879
32887
32888
32889
32890
32926
32936
32937
32979
33026
33032
33074
33086
33089
33113
33195
33204
33215
33232
33254
33267
33310
33314
33338
33341
33348
33354
33383
33388
33396
33465
33474
33480
33489
33490
33558
33599
33600
33601
33602
33603
33604
33606
33630
33670
33671
33672
33685
33686
33687
33702
33704
33713
33726
33728
33729
33730
33760
33762
33763
33772
33773
33783
33792
33834
33925
33927
33966
33997
34005
34013
34014
34021
34036
34055
34086
34129
34151
34176
34244
34248
34249
34258
34261
34299
34325
34350
34416
34497
34510
34511
34514
34527
34539
34540
34541
34547
34549
34566
34577
34599
34626
34642
34665
34667
34675
34683
34741
34745
34756
34776
34792
34892
34901
34905
34940
34941
34955
34962
34982
35009
35049
35051
35072
35073
35074
35079
35134
35135
35136
35203
35204
35254
35313
35389
35476
35494
35495
35497
35508
35538
35541
35542
35543
35545
35593
35609
35626
35633
35641
35650
35672
35673
35674
35676
35694
35722
35740
35757
35790
35800
35838
35839
35853
35854
35855
35857
35909
35912
35913
35933
35946
35956
35972
35988
35994
35999
36000
36015
36028
36029
36036
36040
36145
36148
36184
36215
36228
36231
36345
36368
36395
36429
36440
36455
36466
36474
36480
36486
36491
36549
36551
36561
36571
36587
36619
36644
36649
36661
36666
36699
36722
36748
36759
36762
36816
36825
36856
36857
36862
36882
36923
36927
36936
36946
36964
36967
37097
37098
37099
37100
37101
37102
37117
37149
37150
37152
37154
37164
37176
37179
37180
37184
37185
37186
37187
37202
37208
37228
37232
37254
37262
37267
37283
37293
37294
37300
37311
37347
37348
37349
37374
37390
37391
37392
37395
37428
37430
37446
37447
37472
37482
37484
37506
37514
37515
37520
37521
37555
37563
37564
37576
37595
37623
37675
37744
37750
37751
37752
37787
37798
37806
37822
37856
37865
37884
37887
37888
37897
37902
37926
37937
37952
37966
37980
37984
37989
37991
38014
38015
38017
38040
38049
38069
38083
38088
38092
38135
38140
38147
38153
38166
38174
38179
38192
38198
38220
38234
38268
38297
38301
38360
38385
38413
38416
38419
38435
38436
38450
38469
38484
38489
38490
38491
38520
38525
38526
38530
38538
38549
38557
38573
38601
38650
38659
38688
38690
38691
38707
38710
38720
38735
38740
38741
38743
38744
38790
38793
38807
38843
38916
38918
38919
38972
38985
39024
39039
39040
39066
39080
39116
39119
39123
39178
39191
39192
39197
39198
39213
39235
39239
39264
39274
39282
39292
39315
39329
39351
39355
39410
39412
39419
39456
39487
39489
39514
39519
39523
39531
39535
39551
39572
39575
39576
39581
39589
39597
39653
39679
39685
39686
39701
39754
39792
39806
39810
39820
39833
39906
39912
39936
40030
40044
40045
40052
40056
40059
40062
40064
40078
40082
40083
40103
40166
40182
40211
40221
40233
40239
40242
40244
40250
40251
40256
40320
40327
40351
40356
40357
40367
40368
40403
40434
40439
40440
40453
40454
40460
40479
40489
40507
40540
40567
40571
40578
40594
40602
40636
40638
40730
40732
40734
40750
40765
40783
40808
40823
40834
40844
40849
40852
40861
40873
40881
40897
40906
40909
40934
40961
40966
40974
40991
40995
41025
41027
41062
41074
41078
41079
41081
41084
41094
41109
41115
41135
41137
41190
41205
41206
41210
41215
41218
41219
41220
41224
41283
41293
41296
41341
41392
41401
41416
41439
41467
41475
41487
41491
41514
41528
41529
41549
41558
41564
41573
41574
41612
41667
41785
41802
41834
41884
41899
41911
41915
41917
42033
42070
42072
42106
42132
42135
42136
42137
42138
42139
42144
42146
42147
42148
42158
42161
42183
42187
42191
42192
42205
42209
42215
42263
42264
42266
42284
42292
42307
42321
42329
42339
42343
42433
42451
42460
42466
42476
42485
42544
42625
42627
42670
42723
42740
42760
42761
42765
42766
42794
42808
42815
42832
42834
42835
42885
42914
42916
42947
42950
43255
43256
43257
43291
43297
43387
43434
43523
43532
43555
43581
43702
43703
43772
43778
43840
43854
43858
43859
43860
43864
43871
43872
43875
43877
43888
43889
43891
43892
43899
43928
43929
43930
43937
43943
43948
43958
43959
43983
43984
43985
43986
43987
43988
43989
43990
43991
43992
43993
43994
43995
43996
43997
43998
43999
44000
44001
44002
44003
44004
44005
44007
44008
44009
44010
44011
44012
44013
44025
44033
44035
44037
44067
44068
44069
44070
44071
44078
44079
44135
44136
44137
44138
44159
44168
44169
44170
44176
44179
44181
44188
44203
44212
44213
44218
44225
44273
44286
44302
44303
44351
44353
44358
44365
44366
44368
44369
44399
44402
44403
44406
44408
44411
44412
44427
44524
44529
44530
44531
44571
44576
44585
44587
44606
44615
44622
44623
44634
44635
44636
44639
44640
44641
44650
44664
44665
44666
44667
44668
44669
44674
44680
44686
44689
44691
44692
44693
44695
44722
44723
44736
44737
44739
44740
44742
44743
44746
44747
44748
44752
44753
44755
44756
44757
44758
44760
44762
44763
44764
44765
44766
44769
44770
44771
44772
44773
44774
44777
44778
44779
44781
44782
44797
44798
44800
44801
44802
44803
44806
44816
44821
44823
44829
44831
44832
44836
44838
44842
44843
44844
44850
44855
44857
44863
44865
44866
44875
44876
44877
44878
44879
44880
44889
44895
44896
44897
44898
44899
44900
44901
44903
44904
44906
44907
44908
44909
44910
44911
44912
44914
44915
44922
44923
44929
44936
44943
44946
44948
44950
44953
44957
44959
44960
44963
44964
44965
44966
44969
44970
44971
44972
44978
44979
44983
45011
45012
45014
45017
45024
45026
45027
45032
45033
45034
45035
45036
45037
45038
45039
45040
45043
45044
45046
45047
45049
45050
45051
45052
45056
45059
45060
45063
45064
45065
45066
45067
45069
45073
45075
45078
45079
45081
45083
45085
45088
45090
45092
45095
45098
45099
45102
45103
45104
45105
45111
45112
45113
45114
45115
45118
45119
45142
45169
45175
45177
45178
45179
45181
45192
45196
45197
45198
45203
45205
45208
45209
45213
45214
45235
45242
45243
45244
45246
45262
45282
45297
45302
45328
45333
45334
45350
45374
45380
45403
45406
45416
45443
45453
45455
45456
45458
45459
45460
45465
45469
45486
45492
45520
45525
45526
45527
45528
45529
45530
45531
45534
45556
45558
45560
45576
45599
45607
45622
45645
45686
45693
45712
45753
45780
45783
45810
45815
45818
45891
45931
45932
45945
45952
45962
45998
46025
46144
46148
46156
46164
46180
46201
46203
46223
46224
46229
46252
46253
46257
46259
46361
46386
46420
46507
46520
46522
46569
46652
46745
46902
46985
46991
47055
47160
47161
47162
47163
47164
47191
47199
47200
47210
47212
47215
47218
47219
47226
47227
47228
47234
47237
47258
47259
47264
47265
47286
47290
47348
47367
47391
47403
47405
47428
47438
47441
47448
47450
47451
47465
47466
47468
47469
47476
47485
47492
47505
47506
47509
47516
47526
47552
47553
47555
47558
47567
47568
47569
47570
47576
47578
47580
47613
47640
47642
47643
47646
47647
47648
47649
47651
47683
47704
47769
47776
47791
47807
47831
47832
47843
47846
47848
47850
47851
47926
47945
47968
48027
48093
48102
48120
48121
48128
48130
48133
48144
48160
48163
48183
48195
48197
48198
48200
48206
48211
48214
48215
48216
48229
48238
48239
48240
48241
48242
48250
48260
48262
48263
48284
48285
48310
48317
48320
48321
48324
48340
48342
48414
48455
48480
48481
48491
48505
48549
48612
48661
48742
48754
48759
48760
48761
48810
48842
48873
48895
48896
48903
48909
48910
48914
48956
48997
49040
49098
49117
49144
49165
49205
49228
49277
49287
49297
49304
49318
49321
49345
49357
49386
49387
49409
49423
49433
49458
49515
49523
49555
49558
49569
49570
49571
49574
49612
49614
49709
49730
49757
49759
49785
49841
49847
49849
49860
49873
49877
49889
49891
49980
50002
50049
50090
50094
50114
50168
50175
50193
50207
50220
50274
50275
50280
50306
50313
50315
50319
50320
50321
50343
50360
50385
50399
50400
50404
50405
50406
50410
50421
50427
50430
50433
50444
50474
50501
50510
50528
50535
50537
50538
50562
50565
50581
50583
50594
50604
50612
50629
50647
50657
50664
50667
50673
50703
50849
50854
50872
50878
50891
50916
50925
50932
50953
50983
51013
51037
51038
51039
51045
51122
51128
51131
51144
51145
51162
51179
51287
51289
51291
51302
51303
51334
51335
51366
51367
51368
51383
51387
51410
51412
51457
51473
51495
51499
51517
51531
51562
51584
51596
51601
51631
51632
51648
51673
51681
51686
51687
51688
51726
51727
51735
51769
51780
51782
51791
51794
51796
51834
51836
51861
51877
51881
51898
51903
51996
52020
52093
52096
52105
52130
52151
52199
52239
52265
52273
52299
52316
52318
52338
52347
52357
52359
52367
52368
52369
52370
52378
52383
52397
52460
52475
52482
52522
52546
52547
52554
52605
52623
52635
52648
52653
52657
52684
52704
52713
52765
52809
52810
52824
52830
52877
52878
52921
52926
52947
52949
52969
52976
52991
52995
53037
53053
53076
53109
53111
53125
53131
53162
53179
53205
53206
53230
53235
53249
53251
53273
53391
53393
53397
53432
53437
53446
53450
53476
53477
53488
53494
53498
53516
53529
53580
53590
53599
53604
53618
53625
53626
53676
53730
53748
53810
53835
53873
53874
53876
53878
53880
53882
53890
53910
53911
53913
53939
53940
53941
53953
53956
53957
53959
53963
53964
53965
53968
53980
53981
53982
53983
53984
53985
53986
53987
53989
53990
53998
54010
54029
54033
54050
54081
54082
54092
54093
54094
54095
54097
54105
54123
54124
54141
54196
54250
54261
54280
54285
54354
54359
54388
54396
54402
54403
54404
54431
54437
54444
54449
54463
54536
54544
54565
54616
54646
54648
54655
54684
54687
54688
54703
54705
54715
54724
54737
54738
54760
54762
54772
54779
54787
54835
54842
54863
54864
54881
54913
54916
54917
54931
54997
55014
55015
55034
55041
55052
55074
55080
55130
55151
55186
55192
55214
55216
55243
55261
55265
55271
55272
55285
55286
55289
55514
55527
55534
55541
55563
55578
55589
55643
55644
55647
55655
55684
55692
55694
55717
55732
55733
55739
55744
55762
55769
55772
55787
55788
55809
55818
55825
55829
55846
55864
55874
55888
55901
55920
55971
55993
55997
56008
56009
56033
56057
56157
56215
56216
56234
56242
56247
56261
56262
56263
56264
56265
56266
56275
56276
56309
56310
56311
56317
56318
56320
56322
56323
56332
56333
56335
56336
56337
56342
56348
56350
56356
56357
56359
56375
56378
56400
56421
56422
56423
56439
56442
56482
56483
56485
56486
56518
56519
56523
56524
56559
56560
56566
56573
56574
56577
56578
56579
56593
56597
56607
56640
56690
56716
56717
56729
56733
56736
56747
56764
56765
56766
56773
56774
56784
56787
56799
56810
56840
56845
56854
56860
56864
56894
56906
56908
56910
56923
56927
56929
56930
56958
56963
56969
56972
56981
57007
57018
57025
57058
57066
57067
57096
57100
57110
57132
57150
57160
57183
57184
57218
57219
57226
57264
57305
57306
57307
57317
57336
57337
57351
57385
57387
57389
57416
57417
57418
57434
57441
57442
57449
57459
57460
57462
57463
57468
57469
57480
57499
57512
57550
57556
57557
57592
57594
57613
57646
57656
57699
57700
57801
57827
57828
57834
57865
57866
57876
57877
57891
57892
57907
57928
57929
57930
57931
57932
57933
57944
57995
58001
58014
58015
58047
58057
58059
58118
58172
58213
58216
58224
58229
58267
58295
58308
58322
58323
58375
58376
58377
58430
58437
58445
58448
58450
58473
