
16
17
24
25
28
45
49
50
52
53
57
59
61
63
64
65
66
71
72
74
76
77
79
86
99
102
103
105
107
108
110
111
112
114
115
116
117
118
119
122
125
126
127
130
131
133
135
145
146
151
157
161
162
163
178
179
189
190
191
192
193
196
197
200
201
204
205
209
210
212
215
216
218
222
223
225
229
230
231
232
233
235
240
241
242
243
245
246
248
250
251
253
254
255
259
260
261
262
268
275
276
277
278
280
281
288
289
291
293
294
297
298
301
303
304
305
306
307
309
310
318
319
321
324
327
330
331
332
333
334
335
337
343
348
350
351
352
353
354
357
365
366
367
370
371
372
373
374
375
377
378
379
382
383
386
394
400
402
403
407
412
415
416
418
419
421
422
423
424
425
426
427
428
429
435
443
445
454
456
458
469
470
471
482
485
487
490
495
501
502
505
507
508
509
510
511
512
516
517
519
521
524
527
528
533
534
535
536
538
539
540
541
545
550
552
554
555
557
563
564
566
569
573
576
579
580
581
582
588
590
591
596
599
602
603
604
605
606
607
610
612
615
623
624
625
626
629
630
631
632
635
636
637
641
644
646
648
649
650
652
653
654
655
656
659
660
664
667
668
669
673
681
682
683
686
691
693
694
695
696
705
706
707
710
712
714
715
718
721
722
727
729
738
744
746
749
750
751
759
761
763
764
765
766
767
769
773
776
779
780
781
783
785
786
788
792
793
796
797
799
808
810
811
813
814
816
817
818
824
831
833
836
837
840
841
846
849
850
851
852
853
854
857
859
860
861
863
866
867
868
869
870
872
874
880
881
886
891
892
893
894
895
896
898
899
900
901
902
903
904
905
906
907
908
910
914
918
920
921
932
933
940
941
942
949
951
952
964
965
966
968
974
980
981
982
983
984
986
987
988
990
991
992
993
996
997
1002
1003
1006
1007
1008
1009
1010
1011
1012
1014
1015
1017
1018
1022
1025
1035
1045
1046
1050
1053
1056
1057
1058
1059
1060
1062
1064
1066
1070
1075
1078
1082
1086
1087
1093
1098
1100
1101
1103
1104
1105
1106
1110
1111
1112
1117
1118
1119
1120
1121
1122
1127
1128
1129
1132
1133
1138
1146
1147
1149
1151
1152
1155
1158
1159
1161
1162
1164
1168
1170
1171
1172
1175
1180
1181
1184
1185
1187
1188
1191
1193
1194
1195
1196
1198
1199
1210
1217
1218
1219
1221
1226
1228
1231
1232
1233
1234
1235
1247
1249
1251
1261
1271
1278
1280
1283
1284
1288
1289
1293
1295
1296
1297
1298
1300
1311
1312
1313
1328
1333
1335
1337
1363
1364
1366
1367
1368
1369
1372
1375
1376
1397
1398
1399
1400
1411
1412
1413
1414
1415
1416
1417
1418
1419
1420
1421
1422
1423
1424
1425
1426
1427
1428
1429
1430
1431
1432
1433
1434
1435
1436
1437
1438
1439
1440
1450
1452
1453
1469
1470
1471
1472
1473
1474
1475
1476
1477
1478
1481
1485
1486
1487
1489
1496
1498
1500
1501
1502
1503
1505
1506
1509
1514
1515
1516
1517
1525
1527
1528
1531
1532
1533
1534
1538
1543
1546
1547
1552
1555
1559
1562
1564
1565
1568
1569
1570
1573
1577
1578
1581
1584
1588
1590
1591
1592
1593
1596
1597
1600
1604
1608
1613
1617
1619
1620
1621
1623
1625
1630
1641
1642
1643
1648
1654
1655
1656
1658
1659
1668
1669
1670
1672
1679
1683
1684
1685
1694
1698
1701
1707
1709
1710
1711
1719
1720
1722
1725
1728
1732
1734
1738
1741
1743
1744
1748
1749
1750
1751
1752
1753
1754
1755
1756
1757
1758
1769
1778
1786
1790
1794
1795
1796
1797
1798
1802
1803
1805
1806
1807
1808
1813
1816
1817
1830
1836
1837
1840
1841
1844
1847
1851
1853
1855
1856
1858
1865
1869
1872
1874
1883
1884
1885
1886
1887
1888
1891
1892
1893
1894
1898
1900
1902
1907
1909
1911
1913
1915
1918
1919
1920
1921
1922
1923
1924
1925
1929
1930
1931
1936
1939
1940
1944
1953
1955
1957
1960
1961
1962
1972
1980
1988
1989
1990
1992
1994
1996
2000
2004
2006
2008
2009
2010
2011
2012
2013
2014
2015
2020
2023
2024
2026
2027
2032
2034
2036
2037
2038
2039
2041
2043
2044
2045
2046
2049
2050
2053
2057
2058
2059
2067
2072
2074
2075
2079
2080
2081
2084
2085
2086
2087
2097
2098
2102
2104
2108
2130
2131
2132
2142
2147
2152
2163
2165
2166
2168
2171
2172
2180
2183
2198
2205
2206
2207
2217
2221
2222
2228
2232
2233
2234
2237
2244
2248
2258
2259
2260
2263
2277
2278
2280
2281
2284
2287
2289
2302
2303
2304
2305
2306
2307
2309
2317
2322
2330
2332
2335
2336
2363
2367
2384
2385
2386
2388
2390
2391
2392
2393
2397
2398
2399
2400
2403
2406
2407
2408
2409
2414
2417
2421
2422
2424
2450
2454
2457
2458
2459
2460
2463
2464
2465
2466
2471
2473
2474
2485
2486
2489
2490
2494
2497
2501
2503
2508
2512
2513
2515
2518
2520
2522
2524
2525
2526
2527
2529
2535
2550
2552
2564
2566
2570
2571
2578
2589
2597
2602
2605
2606
2607
2611
2615
2617
2625
2629
2630
2631
2632
2633
2634
2645
2648
2649
2651
2652
2653
2655
2656
2657
2661
2662
2664
2665
2666
2668
2670
2673
2674
2677
2679
2687
2692
2693
2699
2700
2701
2708
2710
2712
2716
2719
2723
2725
2727
2730
2732
2736
2742
2743
2744
2745
2748
2749
2750
2757
2762
2766
2768
2771
2780
2784
2790
2791
2796
2805
2806
2809
2813
2814
2815
2818
2820
2822
2823
2824
2827
2832
2835
2836
2837
2839
2840
2847
2851
2884
2885
2892
2897
2901
2903
2907
2910
2912
2923
2930
2933
2934
2947
2948
2951
2954
2963
2967
2971
2985
2986
2993
3000
3001
3006
3008
3019
3020
3021
3023
3026
3031
3033
3036
3037
3057
3065
3073
3077
3085
3090
3091
3092
3095
3112
3113
3114
3121
3125
3129
3130
3136
3138
3155
3157
3159
3164
3174
3175
3180
3182
3185
3193
3203
3210
3213
3219
3221
3225
3228
3229
3232
3243
3247
3265
3266
3272
3273
3274
3275
3276
3277
3278
3279
3280
3281
3290
3292
3295
3298
3312
3313
3322
3328
3332
3345
3349
3352
3358
3375
3391
3406
3410
3414
3417
3418
3419
3421
3432
3437
3447
3455
3458
3464
3467
3468
3470
3472
3482
3483
3484
3485
3500
3503
3512
3514
3516
3517
3519
3535
3545
3546
3547
3550
3568
3575
3577
3588
3593
3597
3613
3615
3616
3618
3619
3620
3627
3630
3638
3640
3654
3659
3660
3672
3674
3683
3686
3689
3690
3702
3704
3712
3723
3727
3731
3735
3736
3737
3738
3745
3759
3778
3787
3791
3799
3806
3810
3823
3837
3841
3849
3853
3858
3863
3869
3875
3878
3881
3884
3886
3889
3909
3910
3915
3923
3929
3937
3946
3947
3948
3954
3956
3958
3962
3965
3973
3974
3975
3977
3991
4015
4021
4028
4031
4033
4038
4042
4049
4051
4054
4056
4060
4061
4063
4069
4070
4075
4078
4080
4082
4086
4088
4101
4104
4114
4129
4130
4136
4149
4150
4154
4156
4162
4163
4166
4173
4176
4182
4188
4190
4192
4195
4197
4200
4209
4211
4214
4286
4314
4316
4320
4331
4353
4361
4362
4375
4382
4383
4389
4390
4392
4417
4418
4419
4420
4421
4443
4444
4447
4450
4451
4452
4459
4469
4472
4477
4504
4508
4533
4536
4537
4548
4550
4554
4566
4578
4584
4591
4598
4616
4640
4651
4657
4660
4662
4664
4680
4682
4688
4712
4722
4737
4742
4744
4782
4786
4792
4793
4794
4795
4807
4811
4814
4851
4853
4872
4874
4903
4905
4910
4918
4928
4935
4936
4939
4962
4966
4983
4985
4997
4999
5005
5018
5019
5025
5027
5030
5042
5045
5056
5060
5065
5071
5074
5080
5089
5091
5096
5112
5118
5132
5141
5147
5150
5152
5162
5163
5184
5197
5199
5201
5207
5223
5225
5233
5234
5238
5240
5246
5251
5262
5274
5277
5278
5279
5287
5290
5304
5305
5307
5308
5314
5332
5333
5343
5348
5353
5375
5397
5419
5449
5454
5462
5466
5472
5473
5474
5475
5477
5484
5493
5520
5521
5526
5529
5549
5554
5578
5597
5618
5628
5648
5667
5678
5680
5681
5684
5688
5690
5710
5713
5715
5719
5764
5772
5774
5781
5783
5799
5810
5821
5830
5833
5841
5842
5844
5845
5849
5865
5875
5877
5880
5908
5909
5914
5920
5927
5931
5938
5947
5955
5956
5957
5958
5962
5967
5968
5973
5978
5983
5990
5992
5994
6023
6024
6028
6030
6033
6062
6063
6064
6067
6068
6069
6073
6074
6075
6076
6077
6093
6095
6096
6098
6107
6112
6115
6116
6117
6119
6127
6130
6131
6148
6149
6156
6163
6166
6178
6187
6198
6201
6203
6205
6206
6217
6227
6234
6245
6261
6287
6297
6299
6303
6310
6311
6312
6318
6324
6330
6331
6347
6355
6366
6377
6379
6380
6413
6419
6425
6431
6437
6438
6443
6460
6468
6484
6489
6496
6505
6509
6512
6520
6525
6527
6528
6553
6555
6557
6566
6567
6571
6574
6582
6583
6604
6609
6625
6628
6629
6641
6645
6654
6657
6658
6674
6684
6687
6693
6695
6705
6707
6709
6712
6713
6714
6721
6727
6731
6741
6743
6748
6759
6760
6761
6762
6779
6792
6796
6797
6822
6828
6837
6840
6862
6868
6877
6878
6882
6883
6885
6889
6890
6896
6899
6900
6907
6917
6930
6932
6941
6945
6946
6947
6956
6958
6965
6974
6981
6988
6993
6994
6999
7004
7016
7017
7021
7026
7027
7028
7029
7030
7032
7041
7044
7045
7054
7066
7082
7088
7090
7092
7108
7124
7148
7152
7157
7158
7160
7164
7175
7176
7177
7189
7211
7244
7247
7255
7261
7303
7305
7307
7322
7329
7330
7337
7375
7396
7419
7427
7430
7445
7446
7448
7449
7450
7451
7452
7461
7463
7466
7468
7471
7472
7474
7498
7501
7505
7523
7529
7540
7549
7550
7561
7568
7569
7575
7578
7579
7590
7591
7593
7596
7597
7605
7617
7627
7629
7643
7645
7646
7647
7666
7667
7669
7674
7721
7723
7744
7745
7750
7751
7759
7761
7762
7768
7769
7770
7774
7782
7785
7791
7805
7807
7808
7816
7817
7857
7858
7870
7882
7902
7915
7956
7972
7980
7981
8011
8022
8023
8025
8038
8041
8057
8062
8078
8081
8097
8101
8108
8109
8123
8129
8130
8134
8139
8140
8141
8143
8150
8152
8153
8154
8155
8157
8158
8176
8179
8180
8187
8189
8190
8191
8192
8195
8196
8205
8208
8213
8215
8220
8228
8240
8241
8244
8245
8258
8277
8310
8314
8316
8317
8331
8336
8339
8345
8353
8355
8356
8357
8358
8360
8361
8362
8363
8364
8365
8366
8367
8368
8369
8372
8373
8407
8408
8409
8410
8416
8417
8422
8423
8424
8431
8438
8440
8442
8443
8457
8464
8465
8479
8490
8496
8500
8501
8507
8516
8520
8521
8522
8524
8525
8532
8536
8538
8546
8547
8548
8550
8551
8553
8557
8595
8599
8604
8609
8624
8630
8631
8632
8634
8643
8644
8647
8648
8660
8664
8675
8679
8687
8701
8705
8706
8709
8710
8716
8723
8749
8751
8754
8763
8764
8765
8767
8769
8786
8792
8795
8815
8829
8832
8841
8842
8848
8853
8857
8862
8876
8883
8889
8890
8891
8900
8908
8909
8925
8935
8952
8955
8957
8958
8959
8960
8961
8963
8964
8965
8966
8968
8985
8993
9005
9007
9013
9015
9023
9028
9041
9062
9063
9070
9074
9077
9078
9087
9098
9100
9107
9120
9127
9136
9159
9175
9181
9200
9201
9203
9205
9220
9284
9290
9303
9324
9333
9334
9335
9337
9339
9340
9345
9347
9349
9351
9355
9365
9366
9379
9383
9389
9396
9403
9404
9421
9426
9446
9451
9455
9464
9471
9491
9493
9498
9499
9506
9510
9513
9515
9518
9519
9523
9533
9536
9540
9542
9561
9562
9568
9581
9587
9591
9598
9608
9611
9617
9618
9624
9627
9630
9645
9673
9675
9712
9716
9734
9735
9736
9741
9750
9754
9768
9774
9776
9785
9786
9790
9794
9795
9796
9797
9799
9810
9811
9812
9817
9818
9819
9821
9825
9832
9834
9851
9863
9865
9869
9883
9884
9885
9888
9917
9922
9924
9934
9941
9947
9949
9956
9958
9963
9969
9973
9982
9998
10000
10012
10016
10020
10030
10033
10039
10040
10045
10056
10057
10058
10059
10060
10061
10074
10076
10079
10080
10098
10108
10109
10110
10114
10115
10116
10119
10135
10136
10139
10153
10165
10172
10187
10191
10194
10197
10202
10207
10209
10210
10213
10216
10219
10238
10239
10241
10242
10244
10247
10249
10250
10258
10261
10262
10263
10276
10278
10297
10298
10301
10302
10306
10308
10321
10324
10334
10338
10347
10351
10353
10355
10357
10359
10361
10369
10378
10384
10390
10391
10396
10406
10431
10444
10459
10460
10464
10465
10469
10477
10479
10491
10495
10497
10501
10502
10506
10513
10521
10524
10525
10527
10528
10531
10532
10533
10534
10536
10539
10540
10541
10572
10573
10578
10582
10594
10604
10607
10611
10622
10627
10633
10638
10643
10647
10659
10666
10671
10674
10679
10684
10685
10703
10711
10719
10723
10732
10735
10737
10740
10765
10766
10790
10794
10796
10797
10801
10802
10805
10807
10810
10813
10819
10822
10823
10824
10825
10834
10838
10842
10847
10850
10852
10855
10856
10862
10863
10870
10887
10889
10897
10908
10916
10917
10923
10928
10933
10934
10936
10943
10947
10948
10949
10950
10953
10958
10979
10987
10989
10995
10997
11001
11009
11013
11019
11053
11069
11079
11099
11161
11179
11197
11203
11227
11268
11281
11299
11319
11339
11341
11359
11385
11389
11445
11491
11497
11499
11521
11533
11541
11553
11589
11595
11597
11609
11611
11615
11617
11633
11659
11661
11679
11695
11697
11699
11715
11717
11729
11731
11733
11739
11761
11769
11773
11777
11785
11787
11791
11809
11813
11843
11853
11873
11883
11889
11897
11933
11959
12005
12015
12017
12021
12037
12039
12117
12123
12145
12181
12185
12187
12225
12231
12243
12259
12279
12281
12291
12293
12317
12321
12341
12343
12347
12351
12365
12391
12393
12403
12431
12437
12447
12455
12481
12483
12485
12497
12499
12501
12503
12505
12549
12561
12579
12581
12591
12611
12643
12663
12665
12671
12673
12679
12685
12699
12709
12711
12727
12729
12771
12781
12783
12803
12809
12823
12835
12861
12865
12881
12883
12893
12921
12979
12991
13055
13083
13085
13087
13089
13091
13139
13141
13159
13169
13171
13201
13203
13207
13233
13245
13247
13249
13251
13263
13267
13287
13299
13349
13357
13367
13369
13377
13403
13409
13421
13431
13433
13435
13455
13457
13459
13479
13499
13501
13503
13505
13507
13509
13511
13515
13517
13519
13535
13551
13561
13619
13655
13659
13663
13677
13681
13715
13727
13767
13781
13793
13799
13817
13819
13821
13823
13825
13827
13831
13837
13839
13851
13859
13927
13931
13955
13965
13967
13969
13983
14027
14045
14067
14073
14077
14093
14095
14173
14199
14227
14277
14349
14381
14515
14519
14527
14563
14575
14583
14623
14627
14631
14647
14653
14675
14685
14693
14713
14735
14741
14743
14749
14765
14811
14813
14829
14835
14889
14893
14935
14947
14949
14957
14967
15005
15015
15043
15045
15067
15093
15095
15109
15117
15119
15125
15133
15195
15225
15313
15315
15325
15335
15347
15377
15379
15389
15391
15417
15437
15451
15479
15487
15545
15591
15609
15617
15633
15649
15657
15687
15689
15699
15711
15719
15729
15743
15751
15771
15775
15781
15783
15807
15809
15865
15873
15881
15893
15897
15911
15913
15915
15925
15927
15957
15961
15963
15979
16051
16099
16119
16149
16157
16159
16163
16169
16183
16241
16245
16253
16261
16273
16303
16317
16319
16345
16347
16353
16371
16373
16377
16389
16393
16395
16405
16415
16436
16444
16454
16480
16482
16508
16514
16526
16530
16590
16604
16608
16610
16636
16646
16648
16678
16680
16694
16706
16718
16726
16730
16738
16740
16742
16774
16866
16890
16906
16908
16910
16912
16918
16928
16934
16936
16964
16970
16982
16988
16994
17004
17006
17074
17076
17113
17115
17127
17131
17147
17157
17159
17161
17163
17205
17211
17213
17215
17219
17237
17263
17267
17273
17291
17351
17359
17387
17391
17397
17437
17457
17487
17489
17551
17573
17599
17603
17605
17623
17624
17643
17649
17667
17669
17681
17697
17699
17703
17707
17719
17727
17731
17733
17749
17753
17777
17785
17823
17831
17835
17843
17849
17855
17871
17873
17875
17879
17893
17909
17933
17989
17991
18003
18039
18041
18047
18095
18099
18109
18119
18121
18133
18139
18149
18155
18195
18205
18241
18247
18339
18341
18355
18357
18365
18375
18377
18389
18391
18419
18425
18429
18441
18457
18465
18469
18489
18491
18495
18497
18499
18521
18523
18527
18549
18599
18603
18631
18635
18639
18661
18669
18671
18677
18679
18683
18713
18745
18753
18755
18773
18781
18815
18817
18845
18851
18857
18897
18907
18937
18939
18941
18943
18967
19009
19021
19029
19109
19157
19159
19165
19207
19221
19251
19255
19257
19261
19291
19297
19305
19351
19363
19365
19369
19391
19397
19431
19463
19467
19469
19479
19489
19495
19501
19511
19535
19559
19583
19585
19587
19645
19671
19681
19685
19697
19717
19729
19745
19749
19751
19753
19755
19759
19773
19783
19799
19811
19815
19831
19841
19843
19845
19849
19873
19875
19879
19889
19897
19901
19919
19925
19945
19959
19961
19987
19991
19993
19997
19999
20001
20005
20023
20025
20031
20033
20039
20045
20047
20057
20075
20077
20079
20081
20083
20085
20093
20095
20109
20117
20123
20125
20127
20141
20145
20147
20155
20159
20185
20199
20201
20221
20233
20239
20241
20243
20267
20329
20359
20371
20383
20385
20391
20431
20441
20449
20453
20457
20473
20479
20509
20517
20539
20541
20545
20555
20557
20581
20587
20603
20705
20709
20713
20743
20767
20811
20835
20843
20847
20869
20871
20873
20929
20931
20939
20945
20955
20963
20973
20977
20987
20999
21033
21053
21067
21073
21075
21105
21161
21195
21201
21241
21275
21277
21291
21293
21295
21297
21325
21327
21395
21427
21433
21439
21467
21469
21475
21483
21487
21489
21491
21493
21495
21507
21509
21525
21539
21541
21545
21547
21549
21571
21635
21653
21659
21671
21679
21695
21703
21775
21797
21809
21833
21851
21855
21863
21867
21877
21879
21899
21913
21933
21935
21937
21941
21943
21945
21947
21951
21953
21955
21957
21959
21961
21963
21967
21969
21971
21973
21975
21997
21999
22013
22035
22037
22053
22057
22065
22071
22113
22123
22125
22147
22189
22219
22225
22247
22275
22335
22345
22361
22381
22427
22439
22441
22503
22511
22541
22583
22585
22591
22593
22595
22597
22631
22633
22635
22657
22669
22671
22673
22675
22695
22699
22709
22711
22755
22757
22759
22777
22785
22821
22827
22835
22845
22849
22851
22859
22865
22877
22953
22955
22959
22975
22977
22979
22981
22983
22985
22991
22993
23013
23015
23029
23037
23067
23085
23089
23097
23099
23107
23115
23121
23149
23153
23179
23183
23185
23187
23189
23191
23213
23225
23227
23229
23237
23245
23251
23277
23289
23299
23301
23313
23315
23327
23341
23347
23359
23361
23363
23367
23369
23383
23409
23423
23425
23427
23433
23441
23459
23487
23499
23511
23539
23551
23575
23587
23595
23597
23607
23609
23613
23617
23619
23627
23647
23651
23673
23679
23697
23701
23723
23729
23733
23735
23737
23759
23769
23779
23781
23787
23815
23829
23831
23847
23855
23865
23867
23871
23881
23885
23889
23895
23903
23945
23969
23971
23985
24029
24031
24041
24051
24071
24073
24087
24089
24093
24121
24123
24135
24159
24169
24175
24211
24227
24275
24355
24363
24365
24373
24403
24417
24437
24443
24447
24451
24457
24465
24471
24475
24501
24531
24573
24577
24591
24603
24627
24637
24663
24683
24695
24699
24703
24705
24713
24727
24751
24763
24773
24793
24797
24809
24811
24833
24835
24839
24845
24847
24857
24877
24909
24935
24969
24973
24977
24981
24991
25011
25045
25049
25053
25057
25059
25061
25063
25099
25101
25117
25139
25157
25159
25241
25253
25257
25285
25313
25365
25383
25389
25429
25439
25441
25517
25547
25589
25597
25599
25635
25647
25649
25661
25681
25687
25719
25749
25809
25815
25835
25859
25861
25871
25875
25879
25889
25891
25897
25941
25963
25965
25967
25973
25975
25977
25979
25983
25985
25987
25999
26007
26009
26011
26013
26015
26017
26019
26023
26035
26053
26057
26063
26079
26085
26123
26189
26213
26287
26317
26331
26349
26351
26395
26441
27369
27371
27373
27399
27441
27491
27493
27509
27519
27521
27525
27551
27557
27559
27561
27567
27571
27589
27601
27613
27619
27621
27629
27633
27653
27681
27683
27687
27709
27727
27757
27785
27787
27857
27907
27911
27927
27945
27947
27957
27967
28021
28025
28049
28051
28057
28063
28071
28089
28101
28105
28155
28179
28185
28207
28221
28235
28237
28245
28247
28251
28257
28285
28297
28299
28361
28367
28369
28371
28377
28385
28387
28405
28419
28423
28427
28489
28511
28531
28593
28595
28603
28607
28615
28617
28669
28677
28685
28691
28713
28809
28811
28813
28815
28817
28819
28825
28827
28829
28835
28861
28869
28883
28887
28925
28929
28965
28977
28979
28981
29017
29035
29067
29087
29089
29099
29105
29129
29141
29163
29165
29231
29233
29283
29317
29351
29359
29361
29363
29375
29419
29437
29445
29515
29583
29589
29597
29611
29613
29673
29687
29697
29701
29715
29722
29729
29731
29739
29746
29747
29748
29749
29750
29751
29752
29785
29786
29800
29820
29821
29822
29823
29825
29835
29836
29842
29843
29844
29846
29851
29860
29861
29862
29865
29876
29889
29901
29978
29998
30013
30014
30016
30026
30029
30030
30046
30048
30051
30052
30056
30057
30083
30086
30089
30090
30093
30094
30095
30096
30097
30098
30099
30122
30124
30125
30127
30138
30143
30144
30148
30149
30150
30151
30152
30153
30154
30155
30156
30166
30173
30177
30178
30206
30218
30232
30235
30240
30246
30247
30262
30267
30276
30279
30290
30291
30300
30307
30311
30313
30334
30342
30344
30367
30376
30379
30384
30390
30395
30398
30403
30411
30412
30417
30420
30438
30442
30443
30444
30446
30449
30450
30453
30457
30464
30470
30489
30512
30519
30530
30531
30537
30544
30556
30567
30582
30600
30602
30605
30617
30625
30641
30646
30648
30649
30651
30652
30654
30663
30673
30686
30694
30704
30709
30714
30721
30727
30739
30743
30746
30751
30752
30753
30754
30767
30777
30781
30782
30795
30796
30803
30813
30818
30826
30831
30840
30873
30875
30885
30893
30896
30902
30905
30912
30919
30953
30954
30988
30989
30991
31018
31019
31020
31033
31034
31035
31052
31054
31056
31070
31071
31072
31073
31091
31096
31109
31115
31116
31121
31138
31139
31143
31145
31150
31157
31158
31170
31174
31178
31181
31201
31202
31211
31233
31234
31237
31238
31239
31255
31283
31298
31302
31310
31317
31326
31339
31344
31361
31369
31370
31374
31380
31404
31410
31414
31417
31426
31427
31436
31439
31440
31442
31448
31464
31465
31471
31486
31491
31494
31498
31499
31513
31517
31534
31539
31540
31549
31551
31555
31560
31564
31566
31578
31581
31592
31599
31603
31604
31608
31610
31621
31630
31633
31636
31638
31642
31643
31644
31647
31667
31668
31669
31670
31672
31673
31674
31675
31680
31683
31685
31690
31691
31699
31704
31706
31711
31715
31716
31737
31738
31746
31747
31750
31754
31772
31793
31797
31804
31807
31827
31845
31848
31861
31865
31868
31890
31898
31903
31918
31923
31952
31953
31965
31967
31978
31980
31984
31997
32010
32013
32026
32038
32039
32065
32084
32087
32088
32094
32107
32108
32122
32136
32142
32143
32145
32146
32147
32148
32149
32151
32158
32160
32174
32182
32197
32214
32215
32222
32228
32237
32240
32252
32262
32268
32274
32275
32276
32310
32316
32321
32323
32349
32353
32366
32380
32383
32400
32402
32408
32409
32412
32417
32418
32419
32447
32454
32467
32476
32485
32502
32511
32521
32542
32543
32551
32553
32555
32557
32559
32561
32571
32574
32582
32590
32593
32596
32603
32606
32625
32648
32666
32676
32681
32684
32696
32697
32698
32707
32733
32734
32736
32737
32738
32751
32773
32796
32797
32801
32805
32807
32808
32809
32816
32817
32818
32819
32820
32821
32823
32829
32834
32835
32842
32854
32863
32871
32875
32876
32889
32890
32892
32899
32901
32906
32916
32924
32926
32930
32933
32934
32937
32944
32956
32959
32977
32979
32989
32993
32999
33002
33004
33011
33013
33019
33023
33026
33032
33035
33036
33038
33042
33044
33056
33074
33075
33078
33085
33086
33089
33094
33099
33102
33105
33118
33123
33142
33156
33161
33163
33164
33173
33181
33185
33188
33193
33194
33195
33196
33199
33201
33208
33209
33213
33219
33222
33225
33226
33228
33242
33244
33245
33255
33258
33274
33276
33279
33281
33282
33283
33290
33300
33308
33310
33314
33323
33325
33338
33339
33354
33357
33358
33360
33363
33372
33378
33387
33392
33398
33414
33415
33417
33430
33431
33434
33443
33446
33447
33454
33455
33456
33457
33462
33465
33473
33475
33487
33489
33490
33498
33499
33500
33501
33512
33513
33524
33533
33534
33541
33542
33543
33544
33545
33547
33548
33549
33550
33551
33552
33562
33569
33570
33571
33581
33605
33606
33659
33661
33662
33672
33692
33693
33694
33695
33696
33705
33706
33712
33713
33723
33726
33731
33739
33741
33753
33771
33776
33779
33782
33787
33788
33789
33791
33795
33806
33811
33814
33835
33843
33846
33849
33854
33855
33856
33857
33858
33859
33861
33863
33864
33867
33870
33871
33872
33874
33875
33876
33877
33878
33879
33880
33881
33882
33883
33911
33912
33913
33915
33916
33922
33927
33933
33946
33949
33950
33958
33975
33986
33988
33994
34009
34013
34016
34019
34036
34051
34052
34076
34088
34091
34092
34096
34106
34124
34126
34134
34148
34156
34163
34164
34165
34166
34173
34204
34205
34207
34223
34233
34234
34235
34238
34239
34244
34257
34259
34262
34264
34277
34280
34281
34283
34292
34295
34299
34302
34309
34314
34323
34325
34332
34336
34353
34354
34355
34356
34367
34369
34370
34371
34372
34373
34389
34394
34403
34409
34410
34414
34416
34456
34464
34488
34489
34490
34500
34502
34503
34504
34510
34511
34519
34531
34533
34535
34537
34540
34543
34550
34572
34612
34613
34614
34615
34618
34623
34626
34628
34629
34630
34658
34669
34676
34677
34691
34696
34697
34698
34701
34710
34722
34723
34724
34742
34745
34755
34762
34763
34764
34765
34782
34784
34794
34799
34800
34813
34817
34820
34825
34831
34834
34835
34841
34843
34844
34845
34847
34855
34863
34864
34871
34872
34877
34878
34881
34884
34888
34891
34902
34905
34911
34914
34918
34919
34928
34949
34960
34962
34978
34979
34980
34999
35000
35002
35007
35011
35015
35018
35044
35067
35070
35071
35074
35075
35081
35112
35113
35116
35118
35133
35137
35139
35140
35141
35142
35143
35182
35203
35205
35219
35226
35227
35228
35230
35233
35234
35235
35237
35239
35247
35250
35252
35254
35270
35283
35285
35287
35295
35297
35298
35301
35305
35306
35307
35308
35309
35310
35311
35312
35313
35317
35327
35328
35330
35331
35332
35334
35335
35338
35345
35346
35347
35370
35376
35383
35385
35388
35413
35427
35433
35447
35448
35452
35454
35455
35472
35473
35478
35484
35501
35502
35513
35516
35517
35519
35522
35538
35540
35552
35560
35574
35575
35576
35577
35579
35590
35608
35612
35624
35631
35632
35641
35652
35656
35658
35686
35702
35704
35710
35712
35730
35739
35745
35746
35773
35805
35817
35821
35823
35839
35843
35857
35859
35860
35883
35890
35905
35909
35914
35920
35923
35957
35960
35963
35971
35984
35985
35988
36002
36003
36015
36030
36037
36038
36043
36049
36050
36073
36108
36119
36132
36148
36160
36164
36166
36196
36226
36228
36231
36234
36250
36259
36261
36267
36296
36298
36317
36339
36342
36343
36344
36407
36409
36439
36444
36464
36466
36468
36470
36480
36491
36497
36498
36500
36520
36521
36522
36539
36543
36544
36545
36552
36553
36556
36560
36564
36566
36569
36579
36581
36588
36611
36616
36619
36620
36624
36626
36629
36632
36636
36646
36664
36683
36692
36714
36715
36719
36724
36726
36730
36735
36736
36742
36756
36761
36771
36777
36784
36789
36792
36796
36797
36817
36823
36824
36825
36827
36833
36835
36836
36838
36848
36855
36864
36865
36868
36873
36874
36875
36881
36884
36885
36890
36894
36902
36904
36905
36906
36907
36913
36914
36927
36942
36943
36945
36947
36950
36955
36964
36967
36969
36976
36979
36982
36983
36993
36999
37000
37020
37023
37024
37026
37029
37034
37036
37037
37045
37046
37047
37050
37054
37087
37097
37098
37099
37101
37102
37103
37105
37112
37115
37126
37139
37140
37141
37144
37167
37168
37171
37179
37180
37188
37206
37215
37219
37241
37244
37249
37254
37258
37264
37272
37284
37286
37292
37293
37294
37308
37318
37324
37325
37326
37335
37338
37346
37359
37364
37368
37377
37390
37391
37392
37393
37395
37402
37409
37422
37424
37430
37431
37433
37448
37475
37483
37484
37490
37491
37492
37496
37504
37510
37516
37554
37560
37562
37564
37577
37579
37585
37586
37595
37597
37614
37618
37621
37626
37630
37640
37641
37646
37647
37653
37657
37662
37666
37678
37682
37716
37719
37722
37736
37742
37747
37755
37773
37780
37781
37789
37804
37816
37823
37826
37827
37828
37842
37843
37850
37851
37858
37859
37860
37864
37866
37873
37885
37890
37908
37920
37924
37927
37929
37931
37933
37934
37940
37948
37958
37963
37966
37967
37969
37976
37980
37983
37984
37985
37986
37988
37992
37993
37996
37999
38001
38002
38004
38007
38008
38010
38016
38018
38025
38027
38040
38050
38087
38088
38101
38110
38112
38153
38161
38162
38181
38186
38201
38203
38206
38211
38217
38226
38246
38249
38250
38262
38272
38276
38284
38295
38299
38302
38313
38352
38354
38360
38363
38365
38367
38383
38384
38389
38390
38395
38397
38398
38409
38410
38416
38422
38427
38446
38451
38472
38483
38489
38527
38529
38533
38540
38549
38555
38558
38561
38562
38568
38569
38570
38571
38573
38610
38619
38622
38623
38624
38627
38629
38632
38653
38658
38659
38668
38673
38676
38683
38691
38693
38707
38720
38722
38733
38742
38753
38767
38768
38770
38778
38787
38788
38790
38793
38803
38804
38814
38815
38828
38835
38837
38851
38881
38891
38895
38897
38899
38917
38924
38939
38957
38958
38963
38990
38992
38993
38998
38999
39002
39003
39007
39011
39026
39028
39030
39031
39033
39036
39039
39040
39046
39047
39049
39071
39094
39115
39188
39190
39194
39196
39217
39250
39277
39292
39295
39298
39315
39316
39325
39326
39328
39339
39343
39344
39380
39397
39413
39419
39430
39431
39435
39436
39448
39456
39457
39464
39469
39470
39477
39482
39486
39528
39529
39538
39546
39547
39551
39570
39572
39581
39585
39586
39588
39590
39591
39605
39606
39607
39618
39620
39628
39635
39638
39643
39651
39652
39653
39654
39659
39664
39674
39676
39677
39678
39689
39697
39705
39708
39709
39711
39721
39722
39762
39764
39780
39783
39792
39799
39805
39810
39819
39833
39839
39849
39851
39861
39864
39893
39959
39960
39978
39979
39987
39988
39990
39993
39995
40004
40008
40009
40010
40013
40014
40015
40029
40031
40040
40044
40045
40073
40076
40082
40085
40088
40097
40100
40102
40103
40111
40117
40124
40129
40136
40141
40142
40151
40166
40174
40178
40181
40197
40208
40215
40249
40282
40298
40315
40323
40329
40342
40345
40346
40349
40351
40358
40365
40368
40369
40393
40395
40397
40435
40436
40439
40440
40453
40465
40469
40473
40478
40482
40483
40487
40513
40526
40532
40542
40567
40568
40578
40586
40589
40591
40620
40623
40636
40656
40659
40661
40708
40714
40716
40728
40749
40753
40755
40756
40758
40763
40769
40779
40784
40806
40807
40814
40832
40833
40835
40836
40839
40849
40852
40853
40854
40861
40863
40880
40881
40888
40893
40894
40917
40921
40930
40932
40936
40939
40953
40957
40960
40969
40974
40983
41008
41027
41028
41041
41043
41051
41052
41053
41054
41059
41060
41074
41075
41076
41094
41096
41103
41111
41112
41113
41114
41116
41118
41119
41124
41136
41156
41158
41159
41160
41161
41182
41184
41199
41218
41221
41226
41250
41266
41271
41283
41285
41286
41299
41307
41325
41360
41361
41383
41384
41389
41399
41401
41402
41416
41421
41440
41454
41456
41458
41463
41470
41477
41487
41488
41503
41504
41511
41514
41520
41522
41529
41542
41546
41567
41595
41609
41611
41612
41634
41655
41659
41686
41688
41734
41762
41776
41777
41778
41807
41812
41813
41822
41833
41851
41880
41916
41923
41926
41951
42004
42013
42014
42033
42042
42054
42055
42061
42071
42083
42109
42111
42114
42128
42135
42136
42137
42138
42139
42144
42145
42146
42147
42161
42164
42172
42176
42179
42181
42194
42198
42206
42208
42211
42238
42250
42262
42263
42264
42282
42302
42319
42320
42321
42328
42329
42330
42331
42332
42340
42345
42346
42347
42351
42357
42358
42361
42364
42387
42391
42395
42397
42400
42443
42444
42445
42446
42447
42448
42454
42455
42457
42458
42463
42466
42487
42490
42506
42513
42514
42516
42519
42540
42542
42546
42547
42571
42593
42640
42654
42657
42660
42670
42685
42697
42698
42726
42745
42753
42776
42797
42803
42812
42831
42862
42867
42870
42875
42876
42880
42885
42913
42914
42946
42948
42949
42950
42956
42959
42962
42963
42966
42967
42969
42972
42990
42994
42996
42998
43001
43004
43007
43217
43288
43321
43329
43333
43349
43350
43353
43356
43413
43416
43470
43483
43523
43550
43591
43608
43609
43653
43683
43684
43692
43693
43704
43722
43761
43769
43778
43779
43780
43807
43853
43861
43863
43866
43878
43881
43882
43883
43884
43885
43887
43889
43928
43929
43930
43947
43949
43969
43982
43983
43984
43985
43986
43987
43988
43989
43990
43991
43992
43993
43994
43995
43996
43997
43998
43999
44000
44001
44002
44003
44004
44005
44006
44007
44008
44009
44010
44011
44012
44013
44015
44016
44017
44025
44026
44040
44042
44069
44072
44073
44078
44079
44087
44089
44097
44100
44101
44103
44104
44105
44108
44109
44110
44111
44112
44114
44115
44116
44117
44118
44119
44121
44122
44123
44129
44130
44132
44133
44135
44136
44137
44138
44141
44182
44184
44185
44187
44221
44228
44235
44245
44248
44270
44276
44371
44406
44409
44450
44460
44461
44462
44499
44500
44501
44502
44503
44504
44518
44520
44521
44522
44523
44525
44526
44529
44530
44542
44546
44547
44548
44550
44557
44558
44559
44560
44565
44573
44574
44576
44577
44580
44581
44582
44586
44588
44590
44591
44595
44596
44597
44609
44610
44611
44612
44613
44614
44616
44618
44620
44625
44627
44628
44673
44676
44678
44679
44699
44700
44752
44767
44768
44775
44786
44830
44860
44861
44862
44868
44890
44902
44931
44935
44973
44974
44975
44976
44977
44983
45055
45059
45097
45119
45143
45144
45145
45146
45147
45148
45149
45173
45174
45204
45205
45207
45214
45220
45237
45238
45239
45240
45241
45246
45335
45337
45339
45344
45345
45347
45351
45355
45356
45357
45358
45359
45360
45361
45362
45363
45364
45365
45384
45385
45386
45387
45388
45389
45390
45391
45392
45393
45394
45395
45396
45397
45398
45399
45400
45468
45479
45485
45486
45489
45490
45517
45519
45521
45522
45523
45524
45526
45527
45528
45529
45530
45531
45532
45534
45535
45536
45556
45567
45587
45596
45598
45605
45613
45622
45653
45658
45700
45753
45782
45783
45894
45895
45924
45961
45967
45974
45975
45978
45981
45991
45999
46003
46004
46005
46023
46024
46026
46027
46028
46030
46032
46033
46034
46035
46036
46041
46046
46051
46053
46056
46059
46063
46064
46084
46089
46127
46132
46150
46190
46212
46225
46250
46269
46291
46301
46343
46344
46359
46363
46364
46384
46385
46393
46410
46430
46431
46456
46457
46471
46488
46510
46514
46587
46630
46643
46644
46652
46727
46729
46735
46787
46808
46810
46811
46857
46859
46860
46862
46864
46865
46866
46867
46868
46869
46870
46871
46873
46898
46914
46915
46916
46917
46935
46936
46951
46954
46959
46962
46965
47005
47017
47056
47068
47072
47073
47074
47076
47077
47116
47121
47130
47140
47143
47158
47159
47202
47208
47209
47225
47236
47244
47245
47246
47247
47248
47249
47257
47264
47265
47270
47274
47276
47277
47279
47283
47287
47288
47292
47329
47347
47356
47361
47366
47368
47373
47375
47392
47393
47394
47398
47413
47425
47436
47452
47460
47487
47501
47502
47503
47504
47510
47511
47518
47519
47523
47524
47527
47532
47533
47534
47535
47542
47544
47548
47549
47550
47558
47559
47560
47572
47573
47575
47581
47583
47584
47589
47594
47599
47614
47620
47621
47624
47626
47627
47653
47701
47712
47714
47716
47717
47728
47736
47749
47756
47758
47760
47765
47769
47777
47787
47811
47814
47815
47816
47819
47861
47862
47889
47890
47917
47927
47940
47985
47993
48000
48002
48003
48004
48063
48072
48115
48117
48123
48126
48129
48143
48151
48155
48157
48159
48163
48172
48190
48192
48195
48208
48211
48212
48223
48227
48228
48235
48251
48252
48256
48258
48259
48260
48277
48280
48283
48284
48285
48289
48290
48303
48305
48307
48308
48311
48316
48323
48324
48335
48337
48344
48345
48346
48363
48365
48374
48409
48413
48426
48436
48455
48483
48486
48495
48508
48510
48517
48536
48539
48544
48548
48549
48585
48594
48610
48615
48616
48627
48628
48640
48641
48643
48644
48672
48675
48694
48707
48735
48742
48753
48770
48775
48780
48784
48789
48790
48791
48842
48844
48851
48852
48859
48861
48872
48884
48897
48899
48904
48906
48907
48918
48919
48926
48947
48964
48979
48988
48994
48997
49017
49026
49040
49065
49069
49071
49078
49079
49091
49112
49118
49119
49120
49121
49123
49125
49134
49138
49146
49160
49179
49208
49215
49220
49275
49318
49321
49326
49341
49354
49368
49369
49370
49379
49380
49385
49391
49392
49410
49457
49458
49470
49476
49487
49495
49498
49501
49507
49509
49510
49515
49519
49520
49522
49523
49525
49549
49551
49555
49565
49567
49587
49590
49592
49598
49599
49605
49611
49614
49616
49620
49627
49633
49652
49670
49671
49690
49700
49708
49718
49721
49728
49735
49739
49755
49757
49771
49780
49784
49814
49842
49843
49847
49858
49860
49869
49871
49877
49889
49895
49907
49908
49936
49939
49979
49983
49991
49992
50001
50010
50050
50052
50094
50105
50111
50126
50127
50141
50159
50172
50175
50191
50193
50194
50197
50201
50202
50217
50220
50240
50249
50250
50258
50265
50285
50287
50292
50293
50294
50295
50296
50297
50307
50319
50320
50325
50338
50347
50348
50380
50385
50388
50400
50401
50403
50404
50410
50411
50415
50419
50421
50430
50431
50438
50470
50473
50510
50529
50538
50562
50571
50572
50577
50586
50598
50602
50606
50612
50631
50652
50662
50663
50673
50685
50691
50696
50703
50710
50738
50760
50789
50790
50797
50799
50810
50840
50841
50842
50848
50854
50878
50880
50882
50891
50905
50920
50930
50934
50955
50970
50972
50983
50985
50995
50997
50998
51000
51018
51035
51036
51037
51048
51086
51109
51121
51123
51132
51144
51149
51150
51152
51153
51156
51168
51183
51187
51190
51193
51200
51203
51210
51211
51212
51219
51225
51237
51243
51246
51253
51261
51262
51265
51266
51271
51299
51309
51336
51340
51345
51349
51373
51387
51403
51405
51417
51424
51427
51458
51459
51460
51464
51465
51469
51496
51498
51500
51525
51531
51533
51538
51542
51543
51562
51584
51602
51632
51635
51636
51645
51646
51655
51656
51658
51661
51678
51684
51685
51692
51693
51706
51738
51758
51759
51760
51766
51768
51772
51780
51782
51803
51815
51817
51837
51864
51870
51871
51880
51881
51889
51898
51901
51915
51916
51920
51937
51938
51939
51940
51955
51958
51986
51991
51997
52000
52002
52004
52006
52015
52022
52023
52025
52026
52030
52045
52051
52052
52053
52071
52076
52080
52081
52162
52173
52178
52187
52192
52193
52198
52200
52210
52211
52225
52226
52228
52251
52269
52289
52291
52292
52293
52305
52318
52319
52337
52365
52367
52369
52370
52371
52389
52390
52401
52411
52421
52452
52460
52463
52466
52473
52479
52480
52482
52485
52488
52519
52520
52523
52545
52546
52551
52562
52573
52578
52595
52601
52605
52610
52612
52619
52621
52639
52642
52644
52645
52648
52649
52686
52687
52688
52701
52704
52705
52706
52709
52732
52741
52744
52751
52763
52769
52807
52812
52815
52838
52840
52844
52857
52864
52865
52869
52882
52900
52906
52934
52944
52962
52970
52973
52977
52985
52987
53005
53006
53011
53012
53019
53020
53022
53025
53032
53035
53040
53050
53055
53069
53074
53076
53077
53079
53084
53085
53087
53088
53089
53090
53109
53110
53115
53116
53117
53121
53131
53148
53163
53183
53200
53206
53222
53248
53262
53263
53368
53371
53372
53379
53382
53391
53392
53402
53403
53406
53411
53414
53421
53426
53446
53448
53449
53450
53502
53512
53514
53573
53575
53580
53589
53593
53595
53606
53619
53621
53632
53634
53654
53662
53673
53675
53676
53685
53686
53687
53709
53712
53723
53726
53727
53728
53730
53744
53745
53756
53766
53802
53810
53817
53818
53819
53820
53828
53833
53844
53852
53859
53865
53868
53873
53874
53876
53878
53879
53880
53887
53888
53890
53902
53903
53905
53907
53912
53936
53938
53939
53940
53942
53943
53944
53945
53948
53951
53953
53955
53956
53957
53958
53959
53961
53962
53967
53969
53970
53971
53976
53977
53979
53980
53981
53982
53983
53984
53985
53986
53987
53992
54013
54016
54018
54029
54030
54031
54032
54035
54041
54042
54050
54051
54052
54055
54058
54059
54060
54061
54071
54075
54084
54091
54094
54103
54105
54109
54112
54117
54120
54129
54131
54133
54135
54177
54197
54198
54209
54210
54217
54218
54224
54225
54227
54228
54229
54234
54249
54259
54275
54284
54298
54340
54346
54354
54355
54381
54402
54403
54404
54431
54434
54475
54519
54534
54535
54565
54594
54595
54636
54648
54656
54668
54683
54684
54692
54714
54722
54723
54724
54726
54730
54736
54744
54757
54761
54762
54772
54775
54778
54779
54781
54782
54786
54804
54805
54806
54807
54829
54832
54848
54864
54871
54875
54877
54907
54914
54915
54916
54919
54928
54931
54933
54949
54963
54972
54973
54974
54976
54989
54990
54992
54997
55004
55005
55008
55009
55023
55032
55033
55043
55044
55045
55048
55052
55059
55060
55066
55067
55068
55071
55076
55081
55093
55104
55118
55119
55120
55129
55132
55150
55195
55219
55225
55237
55257
55289
55305
55317
55326
55339
55347
55353
55355
55357
55358
55362
55373
55397
55528
55529
55530
55533
55538
55561
55564
55565
55572
55576
55577
55578
55589
55593
55594
55602
55607
55636
55644
55647
55651
55656
55690
55709
55720
55724
55738
55749
55753
55754
55757
55758
55762
55769
55774
55813
55821
55837
55838
55842
55874
55877
55878
55895
55897
55911
55939
55943
55949
55971
55973
55975
55977
55996
55997
56040
56057
56106
56129
56148
56156
56172
56175
56178
56206
56213
56228
56230
56235
56259
56322
56323
56332
56333
56334
56345
56348
56354
56356
56357
56362
56363
56365
56366
56368
56373
56376
56379
56407
56408
56409
56410
56411
56412
56413
56414
56421
56422
56424
56425
56426
56430
56431
56432
56438
56440
56441
56445
56446
56448
56453
56458
56462
56463
56469
56475
56476
56477
56479
56485
56499
56506
56518
56526
56527
56528
56533
56544
56551
56552
56557
56562
56576
56605
56611
56612
56613
56622
56623
56624
56638
56640
56691
56693
56695
56700
56702
56733
56734
56735
56738
56740
56741
56743
56758
56762
56763
56765
56771
56772
56791
56798
56806
56807
56810
56815
56838
56842
56843
56854
56868
56869
56885
56891
56893
56894
56902
56903
56904
56942
56948
56978
56988
56993
56996
56997
57003
57012
57025
57034
57037
57050
57065
57085
57102
57104
57107
57109
57111
57112
57113
57114
57115
57116
57117
57189
57192
57217
57221
57273
57302
57325
57334
57358
57364
57369
57372
57376
57384
57385
57386
57389
57391
57414
57415
57416
57434
57437
57441
57449
57485
57495
57499
57517
57520
57522
57524
57532
57533
57556
57562
57569
57584
57590
57592
57598
57600
57601
57603
57606
57611
57616
57623
57635
57648
57656
57657
57663
57670
57691
57709
57719
57743
57753
57760
57779
57782
57821
57822
57825
57826
57827
57828
57845
57859
57864
57881
57882
57889
57906
57910
57925
57947
57950
57993
58015
58035
58079
58082
58086
58091
58131
58137
58139
58146
58159
58198
58199
58201
58226
58263
58265
58267
58272
58279
58280
58281
58297
58307
58322
58325
58368
58369
58375
58376
58377
58379
58395
58426
58447
58471
58472
58473
