7
16
18
19
26
29
31
33
44
46
51
52
53
57
58
59
62
64
65
67
75
76
77
79
80
81
82
83
84
85
86
87
88
89
90
91
92
93
94
95
96
99
100
101
102
104
106
110
119
120
121
122
124
126
128
129
130
131
134
135
142
143
144
145
146
147
148
149
150
155
156
158
160
165
167
168
171
174
185
186
187
193
195
196
201
202
206
209
219
226
232
236
237
239
252
256
258
260
266
267
272
277
282
283
284
285
289
291
292
294
295
302
308
311
312
313
314
315
322
325
328
329
330
333
334
336
338
341
342
344
345
346
349
355
358
360
361
362
363
371
372
376
384
385
387
390
393
394
395
401
407
408
411
416
427
428
429
430
431
433
435
438
439
440
444
446
447
448
464
471
472
473
474
475
476
483
486
496
503
504
506
509
510
512
514
522
524
525
526
529
531
543
546
547
548
554
556
559
560
565
570
573
578
584
585
587
589
593
595
597
598
600
604
609
610
616
620
622
633
634
635
636
644
647
648
656
661
664
665
666
667
670
671
675
676
677
678
679
685
688
689
690
693
694
704
706
707
711
713
715
718
719
721
723
725
730
731
733
734
743
746
747
752
754
756
757
758
759
760
762
766
770
771
776
782
785
789
791
793
795
798
807
810
811
812
818
820
821
822
825
835
836
838
850
852
855
856
858
859
861
873
876
877
879
915
919
929
930
935
942
943
949
953
959
960
963
967
969
979
985
990
993
996
997
998
999
1000
1001
1002
1008
1016
1019
1020
1021
1022
1023
1024
1029
1032
1033
1034
1039
1040
1041
1042
1043
1044
1047
1049
1053
1056
1065
1067
1069
1071
1080
1081
1082
1083
1084
1087
1090
1091
1092
1095
1096
1097
1099
1107
1109
1116
1118
1119
1120
1121
1130
1132
1136
1137
1140
1141
1142
1144
1145
1153
1154
1156
1168
1169
1184
1187
1204
1206
1207
1210
1216
1217
1219
1222
1226
1230
1240
1241
1243
1244
1245
1246
1248
1252
1276
1277
1287
1301
1302
1303
1311
1324
1325
1329
1341
1342
1343
1344
1356
1357
1358
1371
1373
1377
1379
1380
1382
1384
1392
1393
1394
1395
1396
1397
1399
1400
1441
1450
1453
1457
1459
1460
1462
1481
1483
1484
1485
1486
1488
1490
1491
1495
1497
1500
1504
1508
1516
1517
1520
1521
1524
1526
1530
1532
1538
1548
1549
1550
1552
1554
1563
1569
1573
1575
1576
1578
1581
1589
1592
1601
1602
1607
1608
1611
1624
1626
1629
1637
1640
1642
1645
1650
1651
1652
1654
1659
1660
1662
1663
1677
1682
1689
1690
1692
1695
1699
1703
1705
1706
1709
1718
1719
1720
1721
1723
1725
1727
1729
1734
1737
1740
1742
1744
1760
1761
1762
1768
1775
1797
1798
1799
1800
1807
1810
1824
1825
1830
1832
1836
1838
1843
1846
1857
1860
1864
1868
1869
1878
1890
1901
1906
1910
1915
1920
1921
1922
1923
1924
1925
1937
1941
1944
1946
1949
1952
1959
1961
1962
1965
1967
1968
1969
1974
1977
1983
1999
2000
2004
2013
2016
2017
2019
2029
2030
2032
2035
2036
2042
2051
2055
2071
2092
2098
2103
2105
2129
2133
2141
2143
2148
2152
2158
2164
2167
2175
2179
2199
2200
2201
2202
2203
2210
2213
2214
2216
2218
2220
2225
2227
2230
2235
2236
2238
2243
2245
2253
2256
2257
2273
2294
2298
2308
2314
2321
2333
2337
2387
2398
2402
2403
2405
2408
2417
2420
2423
2453
2454
2456
2458
2459
2460
2468
2470
2476
2486
2487
2491
2492
2493
2495
2517
2523
2534
2535
2536
2538
2542
2544
2545
2546
2547
2548
2549
2553
2554
2555
2556
2557
2558
2559
2560
2562
2568
2569
2576
2577
2581
2582
2583
2584
2585
2586
2594
2595
2598
2599
2600
2609
2613
2614
2618
2621
2623
2624
2683
2685
2694
2698
2714
2717
2726
2729
2732
2737
2739
2740
2741
2747
2751
2753
2756
2759
2760
2761
2768
2779
2785
2787
2793
2795
2800
2801
2802
2810
2811
2813
2816
2828
2829
2830
2831
2832
2847
2881
2904
2911
2913
2915
2920
2921
2922
2924
2926
2927
2928
2929
2964
2974
2981
2983
2997
2998
2999
3003
3005
3009
3015
3016
3026
3027
3031
3032
3054
3067
3069
3071
3072
3077
3088
3089
3091
3092
3110
3120
3138
3147
3162
3175
3176
3183
3186
3194
3196
3231
3248
3266
3270
3298
3299
3306
3318
3320
3323
3335
3358
3367
3371
3375
3389
3394
3407
3420
3421
3424
3457
3462
3465
3466
3469
3483
3484
3488
3512
3597
3602
3626
3627
3655
3665
3675
3726
3734
3744
3750
3783
3784
3785
3786
3800
3807
3819
3829
3835
3854
3858
3866
3868
3879
3887
3927
3931
3946
3947
3952
3963
3964
4033
4039
4059
4074
4132
4138
4151
4181
4189
4199
4201
4210
4213
4220
4224
4266
4282
4339
4461
4475
4484
4485
4503
4514
4515
4549
4566
4614
4617
4618
4621
4640
4715
4720
4722
4723
4752
4756
4765
4789
4790
4814
4884
4908
4918
4926
4927
4928
4938
4981
4985
5002
5013
5037
5039
5052
5084
5098
5114
5151
5155
5167
5200
5216
5220
5228
5237
5288
5293
5332
5365
5415
5420
5469
5472
5485
5494
5504
5535
5539
5593
5631
5640
5673
5678
5682
5689
5719
5763
5774
5784
5832
5834
5835
5854
5865
5900
5902
5904
5916
5917
5918
5928
5929
5933
5936
5941
5984
5992
5997
6012
6018
6032
6045
6060
6076
6087
6114
6124
6129
6152
6164
6165
6178
6182
6202
6211
6226
6227
6229
6230
6246
6261
6262
6266
6336
6351
6361
6366
6408
6421
6492
6509
6547
6572
6579
6653
6726
6728
6733
6747
6773
6783
6787
6864
6867
6872
6875
6895
6918
6919
6920
6937
6978
7014
7058
7059
7112
7117
7144
7169
7193
7229
7252
7257
7270
7279
7285
7308
7366
7374
7376
7377
7420
7474
7505
7510
7571
7575
7578
7588
7616
7629
7651
7654
7661
7674
7683
7775
7779
7861
7877
7904
7967
8017
8098
8120
8139
8140
8141
8142
8230
8239
8248
8249
8250
8324
8403
8415
8425
8426
8450
8451
8475
8481
8533
8542
8554
8563
8584
8643
8713
8718
8743
8777
8861
8896
8936
8967
9002
9014
9065
9077
9078
9088
9135
9163
9164
9165
9166
9213
9228
9253
9254
9264
9279
9289
9338
9348
9349
9351
9353
9367
9383
9447
9479
9494
9495
9525
9535
9546
9547
9548
9549
9568
9656
9693
9723
9756
9761
9773
9837
9866
9917
9922
9931
9935
9940
9959
9972
9988
9989
9993
9998
10013
10014
10030
10036
10045
10048
10098
10118
10122
10153
10161
10178
10218
10236
10259
10278
10342
10350
10354
10375
10389
10397
10408
10417
10448
10466
10471
10481
10500
10516
10547
10554
10563
10568
10581
10629
10688
10709
10718
10723
10740
10741
10742
10743
10756
10757
10758
10759
10760
10793
10800
10813
10901
10918
10935
10943
10964
11021
11097
11101
11135
11285
11307
11313
11433
11441
11545
11561
11577
11663
11685
11693
11837
11867
11887
11889
11977
11979
11981
12027
12029
12035
12113
12115
12163
12175
12259
12279
12337
12365
12439
12441
12471
12531
12599
12603
12671
12725
12745
12791
12867
12877
12881
12905
12917
13029
13103
13115
13117
13119
13125
13175
13215
13299
13335
13411
13497
13551
13585
13599
13629
13655
13691
13731
13757
13759
13767
13843
13863
13931
13955
13993
14007
14075
14145
14175
14181
14183
14247
14289
14347
14353
14397
14669
14807
14827
14835
14875
14921
15021
15039
15045
15059
15227
15393
15439
15607
15815
16001
16009
16067
16201
16233
16335
16434
16458
16460
16498
16514
16528
16662
16690
16752
16776
16782
16812
17020
17080
17117
17131
17137
17157
17217
17221
17223
17233
17269
17277
17295
17307
17339
17423
17427
17437
17439
17441
17443
17445
17447
17467
17493
17501
17513
17619
17651
17655
17665
17677
17689
17721
17729
17741
17893
17895
17909
17947
17959
18001
18041
18045
18053
18195
18245
18317
18319
18321
18323
18397
18451
18457
18533
18557
18629
18631
18731
18747
19023
19115
19117
19167
19177
19285
19467
19555
19627
19695
19905
19907
19917
19941
19943
19957
19971
19973
20143
20205
20207
20223
20225
20227
20229
20231
20235
20371
20469
20499
20505
20517
20587
20649
20671
20903
20919
20969
21025
21027
21041
21065
21179
21189
21255
21333
21431
21557
21845
22135
22661
22763
22791
22847
23031
23043
23133
23209
23249
23273
23293
23303
23353
23407
23447
23581
23583
23585
23587
23593
23615
23659
23711
23741
23775
23777
23835
23861
23931
23983
23987
24085
24371
24489
24645
24647
24679
24681
25035
25057
25063
25065
25069
25071
25073
25075
25079
25081
25087
25089
25143
25183
25283
25299
25301
25305
25519
25567
25601
25605
25623
25649
25687
25777
25801
25833
25835
26043
26097
26099
26101
26103
26105
26107
26109
26111
26113
26115
26119
26215
26217
26219
26221
26223
26225
26227
26229
26231
26233
26235
26237
26239
26241
26243
26247
26249
26251
26253
26255
26257
26259
26261
26263
26265
26267
26269
26271
26273
26275
26277
26281
26283
26285
26289
26291
26295
26297
26299
26301
26303
26305
26307
26309
26311
26313
26315
26319
26321
26323
26325
26327
26329
26331
26333
26335
26337
26339
26341
26345
26359
27375
27405
27417
27557
27573
27579
27601
27651
27775
27789
27839
27921
27969
27989
28055
28109
28111
28119
28143
28155
28223
28227
28235
28249
28353
28433
28483
28485
28543
28545
28547
28549
28551
28553
28555
28559
28561
28563
28565
28567
28569
28571
28573
28575
28577
28579
28581
28583
28585
28725
28733
28735
28789
28841
28851
28927
28955
28959
28999
29093
29095
29207
29301
29357
29365
29527
29529
29623
29637
29651
29653
29675
29677
29679
29716
29801
29812
29834
29857
29900
29974
30015
30016
30024
30045
30059
30086
30123
30133
30187
30193
30249
30344
30383
30386
30415
30419
30473
30481
30483
30484
30549
30585
30740
30759
30760
30763
30764
30765
30771
30806
30901
30907
30926
30927
30928
30929
30930
30931
30932
30933
30935
30938
30939
30940
30941
30943
30944
30970
30974
30975
30976
30977
30978
30979
30980
30981
30982
30985
30997
30998
30999
31000
31001
31002
31003
31004
31005
31007
31008
31009
31015
31016
31017
31128
31129
31147
31156
31165
31173
31235
31240
31251
31321
31362
31378
31387
31405
31418
31433
31463
31483
31553
31561
31575
31630
31646
31665
31680
31756
31785
31798
31821
31859
31948
31973
31977
31988
32023
32034
32071
32086
32108
32153
32174
32224
32255
32281
32287
32291
32309
32311
32313
32379
32382
32438
32455
32551
32581
32628
32646
32728
32729
32735
32759
32760
32792
32804
32832
32845
32881
32897
32902
32947
32948
32949
32998
33012
33013
33036
33041
33051
33064
33091
33095
33129
33144
33154
33170
33190
33192
33203
33218
33221
33232
33237
33238
33239
33248
33263
33305
33326
33337
33338
33348
33352
33363
33377
33396
33417
33474
33498
33499
33502
33538
33539
33540
33589
33654
33674
33692
33717
33726
33743
33755
33801
33821
33822
33823
33824
33831
33862
33889
33894
33895
33896
33897
33899
33925
33964
33980
33983
34021
34055
34076
34085
34112
34113
34114
34115
34116
34117
34119
34120
34122
34129
34136
34184
34201
34279
34284
34299
34338
34342
34368
34374
34375
34376
34382
34383
34391
34414
34430
34437
34445
34522
34542
34547
34550
34599
34602
34611
34620
34647
34649
34688
34689
34712
34744
34776
34777
34812
34818
34839
34840
34852
34893
34926
34933
34934
34962
34984
34997
35009
35020
35021
35022
35023
35024
35026
35027
35030
35031
35047
35062
35079
35082
35085
35091
35093
35095
35099
35100
35114
35116
35123
35125
35126
35127
35128
35129
35130
35134
35135
35136
35147
35149
35155
35156
35180
35204
35231
35242
35243
35263
35274
35277
35300
35387
35391
35466
35494
35495
35503
35507
35528
35529
35557
35608
35627
35628
35639
35674
35676
35677
35678
35706
35746
35760
35790
35798
35834
35835
35839
35849
35851
35921
35928
35932
35949
35964
35984
36021
36027
36032
36098
36104
36106
36124
36127
36220
36266
36273
36309
36316
36368
36369
36370
36371
36466
36492
36516
36525
36548
36585
36586
36592
36649
36652
36662
36699
36702
36705
36729
36731
36754
36775
36798
36843
36862
36884
36936
36937
36962
36963
36992
37013
37044
37086
37095
37181
37207
37208
37209
37272
37277
37280
37338
37379
37396
37435
37447
37450
37458
37490
37497
37505
37514
37515
37517
37521
37531
37563
37566
37576
37597
37602
37618
37623
37664
37710
37711
37764
37765
37769
37777
37786
37804
37828
37886
37906
37926
37938
37952
37962
37965
37970
37972
37975
37979
37981
37982
37987
37997
38013
38019
38020
38080
38088
38098
38100
38104
38130
38161
38250
38251
38254
38256
38285
38329
38403
38409
38410
38414
38440
38450
38456
38464
38469
38489
38524
38533
38544
38556
38561
38594
38663
38677
38680
38716
38717
38729
38735
38740
38753
38770
38816
38826
38889
38917
38920
38963
38982
38987
38990
39022
39077
39090
39097
39109
39141
39184
39185
39188
39195
39199
39264
39322
39332
39364
39378
39449
39475
39486
39487
39514
39533
39535
39539
39568
39569
39575
39584
39585
39587
39610
39634
39675
39703
39704
39710
39714
39741
39753
39761
39764
39806
39846
39872
39890
39894
39939
39999
40028
40104
40109
40111
40128
40139
40157
40211
40221
40230
40272
40301
40335
40356
40357
40359
40367
40389
40392
40417
40421
40427
40434
40460
40464
40491
40513
40515
40517
40529
40530
40554
40590
40602
40608
40613
40619
40628
40633
40642
40645
40646
40664
40677
40679
40722
40728
40730
40738
40750
40765
40778
40784
40787
40794
40806
40830
40904
40935
40938
41025
41041
41043
41084
41105
41116
41117
41118
41119
41168
41206
41246
41289
41290
41298
41339
41361
41379
41380
41409
41457
41460
41496
41530
41549
41573
41659
41660
41694
41714
41769
41786
41814
41854
41915
41916
41919
41930
41945
42057
42074
42078
42082
42084
42091
42156
42176
42193
42203
42249
42286
42290
42343
42432
42436
42438
42439
42442
42485
42549
42587
42590
42667
42774
42805
42847
42886
42892
42899
42906
42938
42985
43299
43396
43444
43590
43600
43629
43691
43704
43711
43755
43763
43767
43772
43851
43868
43903
43904
44064
44070
44074
44090
44097
44167
44202
44221
44382
44387
44390
44585
44652
44654
44669
44671
44712
44787
44794
44807
44846
44881
44942
44961
45055
45215
45556
45557
45576
45577
45604
45620
45645
45731
45783
45948
45969
46093
46102
46352
46447
46604
46654
46910
47022
47275
47413
47611
47777
47790
48056
48149
48153
48171
48177
48318
48386
48421
48438
48453
48470
48502
48512
48569
48583
48614
48678
48694
48701
48702
48703
48780
48820
48862
48866
48875
48890
48945
48962
48964
48976
49053
49059
49073
49090
49118
49124
49200
49235
49274
49287
49290
49291
49303
49310
49338
49345
49387
49413
49430
49457
49469
49471
49523
49550
49566
49567
49618
49665
49709
49738
49831
49847
49848
49956
49980
49982
50072
50201
50221
50233
50271
50326
50339
50360
50385
50399
50410
50416
50475
50593
50608
50638
50653
50746
50794
50803
50845
50855
50891
50923
51006
51008
51085
51096
51116
51122
51179
51180
51203
51207
51239
51240
51241
51248
51307
51358
51397
51466
51531
51534
51535
51549
51552
51569
51614
51617
51646
51805
51897
51956
51963
51965
51966
51967
51992
51993
51995
52032
52034
52092
52198
52495
52549
52554
52583
52584
52585
52614
52620
52624
52625
52626
52627
52628
52629
52631
52632
52633
52635
52650
52651
52652
52653
52654
52655
52689
52691
52692
52695
52696
52697
52698
52699
52704
52712
52713
52714
52715
52716
52735
52766
52767
52769
52770
52772
52811
52835
52836
52841
52842
52854
52856
52858
52859
52863
52864
52870
52877
52885
52906
52908
52909
52910
52917
52919
52955
52967
52976
52991
53045
53046
53047
53048
53066
53067
53091
53102
53118
53128
53129
53131
53137
53149
53151
53153
53159
53162
53172
53182
53213
53237
53407
53432
53448
53509
53604
53624
53636
53637
53638
53657
53672
53720
53747
53787
53829
53843
53848
53933
54005
54029
54160
54193
54242
54250
54252
54279
54281
54287
54296
54301
54316
54335
54362
54460
54462
54463
54476
54492
54496
54533
54559
54566
54636
54660
54661
54694
54703
54709
54725
54738
54764
54791
54793
54810
54842
54846
54850
54857
54870
54893
54909
54918
54959
55080
55111
55152
55194
55215
55226
55255
55272
55274
55300
55318
55363
55400
55454
55462
55532
55536
55546
55576
55600
55612
55618
55622
55625
55728
55731
55742
55779
55791
55818
55883
55888
55896
55898
55970
55980
55982
56005
56049
56067
56146
56234
56249
56250
56338
56339
56371
56372
56375
56383
56384
56385
56386
56387
56402
56455
56502
56538
56550
56584
56585
56586
56587
56589
56590
56591
56592
56593
56594
56595
56596
56601
56643
56646
56662
56693
56695
56701
56732
56752
56769
56808
56815
56820
56830
56835
56841
56860
56877
56891
56960
56968
56970
56972
57016
57071
57079
57080
57081
57082
57086
57088
57089
57166
57192
57196
57220
57239
57274
57275
57276
57277
57278
57279
57280
57281
57353
57368
57433
57439
57448
57454
57520
57528
57567
57575
57579
57609
57632
57649
57796
57885
57905
57907
57918
57927
57928
57945
58047
58125
58173
58204
58205
58217
58220
58222
58230
58259
58297
58318
58325
58410
