25
59
63
79
112
133
146
151
157
174
180
181
189
190
193
197
201
204
210
241
248
257
268
275
276
277
297
305
306
318
319
321
330
349
354
357
366
370
374
376
382
403
404
412
443
458
470
487
495
497
564
579
581
588
591
610
624
625
631
632
637
641
642
649
668
693
715
718
767
769
773
783
788
797
808
811
816
824
837
841
857
863
881
886
913
914
940
941
964
966
981
982
991
1007
1045
1053
1057
1060
1075
1082
1097
1103
1104
1111
1112
1127
1183
1185
1195
1218
1219
1228
1234
1235
1271
1311
1411
1489
1496
1500
1529
1531
1546
1560
1596
1602
1619
1625
1627
1641
1661
1679
1701
1711
1722
1732
1741
1749
1750
1786
1790
1802
1817
1836
1840
1853
1862
1865
1874
1898
1903
1940
1944
1956
1995
2072
2079
2098
2105
2131
2132
2163
2172
2217
2260
2291
2307
2308
2317
2322
2332
2367
2384
2403
2494
2497
2524
2525
2526
2527
2528
2595
2602
2730
2748
2784
2790
2905
2910
2967
2993
3023
3085
3095
3112
3121
3157
3205
3229
3247
3259
3264
3266
3328
3391
3417
3419
3455
3464
3503
3616
3640
3642
3654
3667
3712
3791
3816
3884
3889
3910
3948
4003
4042
4063
4078
4136
4166
4188
4195
4196
4214
4262
4361
4421
4451
4591
4688
4718
4719
4744
4760
4786
4903
4997
4999
5020
5025
5042
5045
5056
5112
5132
5163
5234
5274
5277
5305
5333
5343
5353
5549
5585
5647
5648
5667
5715
5764
5772
5781
5877
5914
5958
5973
6030
6050
6112
6166
6201
6205
6227
6287
6318
6324
6379
6381
6392
6419
6425
6443
6489
6496
6500
6548
6633
6645
6682
6704
6791
6882
7066
7088
7148
7322
7427
7430
7453
7463
7468
7540
7580
7593
7739
7740
7744
7774
7817
7858
7875
7897
8041
8057
8074
8101
8241
8277
8302
8359
8360
8361
8365
8366
8367
8407
8424
8456
8464
8465
8507
8599
8619
8630
8635
8643
8668
8765
8795
8841
8861
8876
8889
8993
9041
9063
9167
9181
9201
9202
9355
9362
9367
9493
9499
9506
9515
9542
9581
9587
9600
9618
9624
9736
9744
9750
9751
9790
9922
9924
9936
9982
10045
10073
10076
10079
10109
10110
10172
10187
10196
10209
10213
10219
10301
10465
10547
10572
10578
10582
10611
10628
10719
10790
10794
10796
10845
10920
10924
10933
10934
11005
11161
11209
11255
11319
11499
11597
11617
11761
11763
11769
11773
11859
12065
12131
12237
12293
12317
12343
12347
12449
12505
12549
12579
12581
12729
12783
13055
13093
13161
13203
13357
13367
13663
13715
13781
13851
13855
14027
14073
14173
14199
14283
14527
14663
14827
14889
14893
14967
15005
15015
15093
15095
15119
15133
15325
15377
15437
15451
15565
15609
15633
15689
15729
15807
15881
16051
16363
16397
16436
16444
16454
16508
16656
16694
16970
16994
17247
17345
17397
17501
17777
17989
17991
18001
18095
18231
18247
18277
18527
18677
18679
19109
19151
19255
19431
19479
19815
20155
20385
20545
20835
21009
21033
21215
21415
21653
21659
21679
21809
21863
22225
22827
22835
22877
22979
22981
23233
23277
23309
23423
23607
23609
23619
23725
23735
23945
23985
23989
24133
24171
24175
24455
24475
24531
24637
24695
24703
24751
24991
25011
25061
25099
25157
25285
25397
25429
25689
26057
26085
26183
26443
27619
27967
28025
28071
28171
28227
28285
28617
28713
28819
28979
29027
29101
29165
29317
29786
30237
30240
30250
30296
30300
30307
30321
30363
30365
30464
30544
30600
30663
30679
30727
30739
30749
30782
30954
30955
31056
31283
31324
31326
31327
31338
31368
31380
31404
31442
31491
31685
31711
31737
31797
31845
31851
31967
31980
32214
32215
32240
32282
32409
32447
32485
32503
32603
32686
32698
32801
32866
32898
32901
32930
33075
33126
33286
33456
33475
33581
33661
33712
33713
33743
33779
34019
34051
34213
34281
34314
34403
34447
34480
34481
34644
34782
34835
34884
34941
34964
34999
35000
35077
35237
35314
35338
35413
35417
35418
35433
35712
35788
36037
36510
36560
36632
36688
36726
36792
36817
36847
36873
36875
36943
36949
36950
36976
37021
37172
37210
37345
37449
37719
37986
38005
38059
38163
38177
38357
38395
38397
38425
38573
38610
38778
38789
38814
38935
39026
39252
39325
39326
39397
39463
39469
39480
39535
39559
39689
39799
39940
40042
40102
40176
40194
40196
40453
40483
40485
40486
40623
40651
40708
40902
41093
41146
41285
41463
41623
41812
41880
41899
42571
42685
42803
42862
42990
43609
43779
44983
45576
49316
49342
49605
49854
49866
49869
49871
49894
49936
50360
50392
50606
50869
50953
51179
51193
51212
51213
51265
51366
51403
51706
52293
52575
52642
52973
53802
54141
54225
54265
54275
54519
54722
54775
55561
55576
55629
55749
55806
55818
55888
56733
56741
57315
57845
58216
58473
