8
20
21
27
33
48
55
56
61
64
65
69
74
76
77
79
98
99
100
103
107
108
112
115
116
117
118
121
123
124
127
129
136
137
138
139
153
155
156
157
159
160
162
163
164
167
171
177
182
202
206
207
210
223
225
231
232
241
246
247
249
250
251
269
280
293
296
298
300
306
307
308
315
317
319
327
331
332
336
343
347
348
349
350
351
352
353
355
356
360
367
371
372
380
381
385
387
389
391
392
393
402
404
408
417
426
427
430
431
434
435
439
440
442
445
449
450
451
452
454
455
459
460
461
462
463
464
465
466
477
478
481
482
486
487
495
496
497
501
502
503
505
511
512
513
515
518
521
525
527
528
530
532
534
535
536
543
550
552
553
564
572
574
576
577
588
592
594
595
597
602
603
605
607
613
614
616
617
618
620
626
629
630
633
647
660
664
678
679
682
683
684
687
688
689
709
721
738
740
754
757
762
771
786
789
791
796
807
808
813
831
834
839
845
856
859
860
866
867
868
869
870
872
873
874
879
882
883
884
891
892
893
894
895
896
897
898
899
900
901
902
903
904
905
906
908
929
933
936
942
943
957
962
965
969
984
985
986
987
990
996
997
1005
1014
1017
1018
1028
1031
1033
1035
1037
1043
1045
1046
1049
1067
1072
1075
1076
1094
1098
1099
1108
1110
1117
1118
1119
1120
1121
1122
1123
1130
1132
1135
1137
1139
1140
1141
1143
1150
1157
1161
1162
1164
1170
1171
1172
1174
1176
1181
1182
1189
1193
1195
1200
1202
1204
1205
1207
1208
1224
1225
1228
1237
1238
1239
1250
1253
1254
1255
1257
1259
1265
1266
1267
1268
1276
1277
1280
1283
1284
1301
1313
1325
1333
1337
1376
1379
1441
1442
1469
1482
1487
1493
1496
1498
1502
1503
1517
1524
1525
1526
1527
1531
1533
1534
1536
1546
1549
1557
1563
1564
1565
1573
1578
1585
1590
1613
1619
1622
1630
1638
1640
1641
1642
1644
1657
1658
1659
1681
1683
1685
1686
1691
1696
1699
1709
1719
1722
1724
1726
1727
1731
1732
1735
1744
1751
1762
1766
1772
1775
1777
1807
1808
1815
1818
1826
1827
1828
1829
1830
1836
1839
1840
1841
1848
1849
1850
1851
1855
1863
1864
1866
1872
1881
1882
1885
1886
1890
1894
1902
1904
1905
1906
1907
1914
1915
1918
1929
1930
1931
1932
1937
1938
1939
1947
1951
1952
1954
1955
1960
1961
1966
1978
1990
1994
1996
2006
2016
2017
2020
2022
2029
2031
2032
2037
2040
2041
2042
2044
2045
2046
2047
2049
2053
2054
2068
2069
2074
2078
2079
2084
2085
2086
2087
2098
2100
2104
2105
2107
2113
2114
2123
2125
2126
2133
2142
2143
2144
2146
2150
2151
2152
2153
2156
2165
2173
2175
2182
2193
2196
2199
2201
2207
2223
2226
2229
2249
2259
2264
2277
2279
2281
2286
2287
2290
2313
2330
2335
2363
2365
2369
2385
2386
2390
2391
2393
2409
2421
2424
2427
2428
2429
2456
2464
2471
2472
2485
2487
2488
2489
2490
2494
2520
2523
2527
2528
2529
2534
2535
2536
2537
2538
2563
2572
2574
2578
2603
2606
2625
2626
2628
2631
2633
2634
2636
2639
2642
2645
2646
2647
2648
2649
2650
2651
2652
2653
2654
2655
2657
2658
2659
2660
2662
2664
2665
2666
2667
2668
2669
2670
2672
2673
2674
2675
2676
2677
2678
2685
2687
2693
2708
2718
2719
2736
2738
2739
2751
2756
2757
2767
2768
2772
2776
2777
2778
2782
2783
2786
2787
2789
2792
2793
2795
2804
2805
2806
2813
2817
2818
2819
2823
2825
2826
2832
2834
2842
2847
2848
2876
2882
2889
2890
2891
2892
2923
2928
2947
2948
2952
2961
2962
2966
2970
2971
2973
2980
2983
2993
2997
2998
3003
3004
3005
3024
3025
3028
3031
3037
3038
3043
3051
3065
3070
3086
3099
3125
3135
3157
3166
3176
3178
3180
3185
3186
3192
3194
3201
3202
3221
3227
3230
3267
3269
3290
3297
3298
3322
3336
3356
3359
3390
3401
3420
3460
3461
3466
3496
3501
3515
3518
3570
3576
3588
3593
3594
3597
3615
3627
3631
3642
3654
3655
3660
3668
3669
3675
3692
3695
3712
3720
3736
3751
3754
3755
3757
3760
3765
3805
3809
3810
3813
3832
3843
3847
3848
3869
3876
3884
3905
3909
3968
3991
4003
4023
4024
4025
4026
4028
4049
4050
4060
4061
4067
4068
4080
4095
4099
4101
4113
4114
4124
4138
4147
4154
4155
4163
4186
4190
4191
4197
4198
4211
4214
4220
4262
4306
4318
4375
4383
4398
4415
4418
4419
4437
4459
4467
4468
4469
4470
4476
4513
4533
4544
4551
4553
4566
4599
4615
4651
4654
4657
4660
4662
4667
4684
4685
4703
4712
4713
4715
4719
4726
4773
4792
4793
4794
4795
4798
4801
4835
4854
4855
4856
4874
4884
4886
4898
4910
4933
4938
4943
4948
4961
4962
5006
5041
5071
5079
5080
5096
5098
5112
5114
5152
5153
5196
5197
5203
5233
5235
5244
5250
5252
5256
5262
5274
5276
5298
5305
5306
5314
5337
5341
5342
5355
5420
5421
5440
5458
5466
5474
5478
5484
5504
5520
5525
5526
5529
5530
5538
5584
5585
5602
5632
5678
5684
5688
5689
5702
5712
5753
5764
5781
5785
5802
5819
5844
5845
5848
5876
5878
5886
5889
5907
5918
5920
5921
5922
5923
5925
5930
5931
5934
5938
5940
5958
5986
5990
5998
6007
6008
6032
6033
6046
6061
6071
6072
6077
6094
6112
6124
6129
6151
6152
6153
6169
6178
6181
6183
6213
6219
6226
6262
6267
6270
6275
6277
6280
6325
6327
6330
6385
6421
6444
6462
6489
6492
6520
6527
6555
6557
6572
6577
6583
6587
6593
6607
6633
6634
6676
6682
6695
6701
6702
6704
6707
6714
6741
6743
6758
6771
6772
6773
6779
6787
6793
6794
6811
6823
6827
6877
6883
6884
6922
6930
6937
6939
6964
6979
6988
7031
7045
7058
7059
7082
7083
7088
7090
7103
7109
7112
7124
7139
7164
7216
7245
7252
7254
7257
7258
7294
7295
7314
7333
7334
7364
7367
7376
7395
7396
7398
7419
7423
7435
7436
7459
7461
7488
7491
7494
7505
7511
7512
7522
7526
7528
7530
7532
7549
7550
7559
7601
7605
7610
7617
7621
7625
7626
7633
7639
7645
7664
7669
7681
7695
7711
7713
7715
7718
7723
7739
7740
7752
7771
7774
7779
7786
7818
7845
7858
7876
7902
7904
7953
7985
8057
8064
8081
8086
8115
8133
8145
8146
8150
8152
8153
8154
8155
8157
8158
8162
8171
8194
8205
8206
8217
8218
8226
8227
8229
8234
8235
8243
8246
8247
8311
8332
8333
8337
8346
8364
8407
8438
8442
8446
8456
8465
8486
8490
8491
8492
8494
8495
8514
8567
8595
8598
8624
8628
8644
8648
8664
8667
8704
8709
8722
8724
8730
8733
8740
8745
8751
8774
8782
8841
8855
8900
8937
8955
8972
8995
9007
9015
9045
9047
9061
9087
9088
9098
9106
9107
9135
9172
9204
9228
9252
9282
9288
9291
9303
9314
9330
9332
9347
9356
9365
9371
9376
9392
9403
9433
9465
9496
9501
9521
9575
9690
9691
9724
9736
9745
9750
9756
9760
9768
9770
9790
9793
9798
9806
9811
9824
9862
9874
9875
9878
9880
9885
9893
9917
9919
9924
9979
9982
9999
10015
10017
10033
10056
10057
10058
10059
10060
10061
10075
10077
10087
10092
10098
10105
10115
10149
10155
10189
10199
10209
10217
10218
10236
10239
10245
10260
10270
10302
10330
10347
10350
10357
10359
10444
10447
10456
10470
10519
10524
10527
10528
10534
10545
10547
10549
10582
10589
10594
10628
10629
10639
10684
10685
10687
10702
10736
10740
10751
10790
10821
10842
10893
10904
10916
10917
10924
10934
11005
11009
11019
11049
11053
11061
11069
11073
11266
11285
11319
11355
11359
11375
11385
11389
11521
11569
11617
11633
11659
11681
11687
11705
11713
11717
11735
11737
11741
11743
11757
11773
11783
11789
11835
11841
11853
11859
11977
11979
11981
12001
12049
12065
12079
12113
12115
12141
12185
12191
12221
12231
12267
12293
12341
12355
12367
12371
12461
12487
12565
12611
12657
12671
12685
12729
12755
12759
12783
12789
12793
12803
12809
12859
12907
12917
12929
12963
12965
12967
13125
13161
13169
13173
13183
13195
13201
13215
13251
13271
13309
13407
13441
13541
13667
13669
13769
13795
13799
13931
13935
13971
13993
14075
14093
14123
14181
14231
14235
14253
14333
14349
14359
14381
14467
14479
14513
14537
14645
14663
14713
14751
14765
14829
14833
14837
14913
14921
14935
14947
14957
15015
15085
15093
15095
15109
15133
15141
15307
15313
15315
15323
15359
15407
15411
15437
15439
15451
15455
15479
15489
15505
15577
15579
15583
15613
15617
15663
15751
15769
15809
15813
15883
15905
15913
15915
15925
15933
15937
16007
16009
16011
16021
16027
16033
16035
16049
16067
16101
16143
16157
16211
16239
16253
16355
16363
16381
16385
16419
16444
16468
16480
16482
16518
16556
16574
16576
16586
16590
16648
16656
16664
16678
16680
16702
16726
16738
16756
16870
16890
16904
16910
16912
16928
16988
17004
17006
17115
17137
17201
17219
17233
17247
17265
17291
17325
17357
17391
17481
17483
17497
17505
17535
17551
17651
17673
17681
17687
17699
17743
17811
17815
17855
17873
17901
17909
17951
17955
17969
17983
17985
17987
17989
18029
18033
18041
18055
18081
18083
18085
18087
18115
18153
18277
18311
18313
18321
18329
18331
18355
18357
18393
18441
18447
18523
18561
18591
18661
18677
18679
18767
18819
18821
18827
18851
18937
18939
18941
18943
19009
19073
19099
19109
19163
19235
19237
19239
19291
19315
19369
19397
19437
19447
19489
19497
19511
19517
19573
19581
19619
19645
19653
19681
19687
19703
19731
19769
19781
19815
19843
19871
19877
19951
19959
19965
20021
20027
20053
20159
20173
20189
20231
20267
20383
20423
20431
20479
20507
20509
20533
20543
20545
20655
20673
20723
20743
20767
20785
20799
20853
20869
20871
20961
20963
20965
20973
21019
21021
21033
21037
21099
21163
21167
21179
21195
21235
21291
21293
21295
21297
21305
21407
21415
21473
21507
21509
21545
21547
21563
21569
21571
21591
21595
21639
21659
21695
21703
21833
21843
21881
21933
21935
21937
21941
21943
21945
21947
21951
21953
21955
21957
21959
21961
21963
21967
21969
21971
21973
21975
21997
21999
22035
22037
22043
22097
22101
22113
22117
22145
22147
22199
22225
22231
22271
22295
22297
22319
22327
22381
22385
22393
22415
22421
22433
22441
22445
22447
22449
22451
22455
22457
22459
22461
22465
22477
22479
22481
22483
22485
22487
22489
22491
22493
22495
22497
22499
22547
22563
22565
22569
22571
22573
22575
22577
22591
22603
22605
22607
22611
22613
22615
22617
22621
22623
22625
22627
22637
22643
22647
22649
22651
22653
22661
22663
22683
22693
22695
22699
22733
22777
22827
22877
22943
22955
22979
22981
22983
22985
23029
23083
23107
23201
23209
23233
23299
23301
23311
23317
23321
23343
23385
23409
23459
23515
23523
23555
23617
23641
23643
23645
23661
23675
23707
23709
23713
23721
23727
23729
23739
23755
23763
23801
23815
23825
23849
23915
23945
23975
24011
24019
24045
24071
24133
24171
24211
24231
24261
24439
24455
24459
24471
24603
24619
24655
24669
24703
24705
24719
24873
24883
24991
25011
25013
25015
25027
25029
25049
25059
25157
25161
25193
25283
25285
25363
25365
25389
25397
25431
25491
25519
25537
25597
25599
25607
25681
25717
25731
25805
25873
25943
26043
26053
26057
26087
26133
26149
26243
26279
26303
26337
26345
26441
26449
27369
27371
27373
27389
27437
27441
27491
27493
27495
27497
27501
27525
27539
27569
27571
27631
27683
27721
27723
27789
27821
27825
27847
27891
27899
27949
27951
27965
27991
27997
28045
28053
28093
28103
28121
28215
28221
28237
28249
28285
28351
28381
28431
28447
28497
28511
28537
28539
28553
28555
28569
28579
28603
28623
28669
28675
28683
28701
28755
28759
28775
28805
28817
28829
28833
28853
28907
28927
29017
29027
29087
29089
29135
29207
29231
29353
29357
29369
29413
29419
29427
29429
29433
29469
29475
29481
29485
29491
29499
29527
29529
29537
29539
29541
29545
29547
29549
29551
29643
29687
29785
29803
29855
29863
29868
29876
29886
29893
29901
29910
29935
29936
29937
29976
30027
30028
30029
30030
30057
30060
30064
30079
30091
30100
30103
30123
30145
30155
30156
30166
30206
30232
30263
30264
30296
30300
30307
30321
30343
30347
30349
30360
30363
30365
30370
30382
30385
30409
30458
30463
30464
30468
30503
30519
30544
30547
30679
30686
30694
30695
30709
30736
30749
30757
30761
30778
30782
30831
30873
30885
30901
30909
30911
30915
30919
30922
30923
30927
30929
30931
30932
30933
30954
30957
30967
30970
30979
31044
31057
31070
31121
31128
31133
31138
31147
31149
31156
31168
31173
31201
31205
31229
31231
31236
31240
31246
31283
31289
31297
31299
31318
31339
31348
31389
31402
31442
31452
31456
31476
31483
31490
31493
31506
31507
31537
31562
31592
31593
31598
31629
31631
31637
31645
31667
31672
31675
31676
31678
31706
31710
31722
31733
31736
31737
31741
31750
31764
31765
31812
31815
31821
31827
31838
31845
31851
31859
31884
31892
31893
31904
31911
31912
31918
31927
31965
31967
32011
32014
32038
32041
32051
32083
32094
32105
32152
32153
32160
32171
32202
32215
32230
32237
32256
32257
32269
32270
32288
32297
32313
32343
32346
32359
32360
32365
32369
32370
32379
32380
32407
32415
32437
32534
32563
32574
32580
32582
32593
32595
32596
32606
32608
32613
32615
32618
32621
32622
32623
32660
32670
32676
32697
32698
32707
32716
32732
32751
32788
32796
32797
32801
32879
32887
32900
32902
32924
32926
32930
32933
32936
32937
32951
32979
32989
33003
33011
33018
33019
33023
33032
33038
33047
33049
33050
33075
33087
33089
33115
33116
33132
33133
33134
33135
33136
33144
33164
33183
33195
33204
33206
33208
33254
33262
33267
33278
33286
33299
33305
33309
33314
33323
33335
33337
33338
33343
33344
33349
33352
33354
33372
33387
33433
33465
33478
33489
33502
33506
33508
33519
33520
33527
33528
33529
33532
33536
33546
33547
33558
33578
33581
33583
33599
33600
33601
33602
33603
33604
33606
33630
33663
33669
33672
33674
33691
33697
33703
33704
33709
33712
33717
33724
33728
33729
33730
33756
33758
33759
33760
33762
33763
33764
33772
33773
33779
33834
33846
33850
33883
33888
33889
33950
33966
33988
33994
34012
34034
34037
34038
34055
34076
34083
34086
34100
34104
34114
34129
34151
34161
34176
34187
34188
34189
34190
34191
34192
34193
34198
34222
34223
34225
34227
34258
34261
34279
34281
34284
34290
34300
34302
34321
34325
34338
34346
34374
34375
34376
34394
34410
34416
34420
34428
34445
34451
34454
34455
34458
34465
34475
34486
34497
34514
34525
34528
34541
34544
34547
34549
34561
34566
34572
34577
34592
34599
34601
34604
34613
34626
34642
34651
34655
34661
34662
34669
34670
34675
34712
34723
34724
34745
34751
34754
34766
34779
34782
34815
34826
34830
34834
34843
34844
34845
34847
34862
34863
34866
34871
34893
34904
34905
34927
34936
34939
34941
34946
34948
34957
34969
34974
34990
35008
35009
35039
35049
35050
35051
35052
35053
35061
35062
35072
35073
35075
35079
35084
35090
35098
35122
35131
35145
35153
35169
35171
35203
35206
35241
35250
35251
35263
35265
35266
35281
35297
35300
35320
35326
35347
35353
35363
35372
35379
35383
35400
35411
35417
35418
35432
35433
35465
35472
35473
35488
35489
35490
35492
35508
35557
35559
35589
35594
35609
35616
35618
35621
35625
35626
35633
35635
35643
35650
35656
35676
35684
35695
35706
35740
35749
35757
35776
35790
35814
35823
35828
35851
35946
35956
35965
35972
35988
35997
35999
36000
36015
36016
36029
36040
36064
36094
36097
36099
36119
36144
36148
36156
36160
36163
36196
36215
36228
36229
36231
36239
36240
36241
36242
36246
36286
36290
36291
36316
36318
36345
36368
36407
36419
36428
36432
36440
36444
36447
36455
36458
36474
36480
36486
36497
36506
36510
36511
36549
36551
36559
36561
36574
36575
36577
36587
36591
36593
36619
36633
36637
36639
36641
36642
36643
36657
36661
36686
36688
36699
36700
36712
36722
36729
36732
36754
36757
36762
36777
36789
36790
36791
36797
36798
36803
36804
36805
36825
36834
36847
36858
36861
36862
36882
36884
36902
36910
36915
36923
36927
36936
36946
36951
36955
36995
37029
37031
37050
37051
37055
37087
37095
37109
37149
37150
37154
37164
37169
37172
37176
37179
37184
37185
37186
37187
37202
37208
37210
37225
37232
37254
37262
37265
37268
37272
37286
37294
37300
37302
37328
37345
37346
37347
37348
37349
37364
37387
37393
37407
37420
37426
37428
37430
37446
37449
37460
37472
37482
37484
37497
37501
37505
37514
37515
37544
37545
37546
37552
37554
37555
37564
37576
37586
37587
37591
37595
37599
37601
37623
37642
37651
37661
37663
37672
37675
37716
37719
37744
37753
37779
37781
37798
37799
37806
37822
37823
37856
37865
37885
37887
37888
37894
37895
37896
37902
37910
37936
37937
37938
37952
37964
37966
37968
37973
37978
37979
37980
37984
37986
37987
37992
38000
38007
38010
38015
38021
38022
38024
38040
38046
38062
38083
38084
38085
38086
38087
38112
38121
38122
38150
38153
38196
38198
38199
38220
38234
38256
38268
38290
38297
38357
38360
38361
38365
38372
38386
38395
38413
38414
38416
38433
38435
38436
38444
38449
38450
38467
38469
38472
38480
38481
38484
38489
38490
38491
38528
38530
38538
38539
38544
38555
38557
38558
38572
38573
38578
38601
38650
38659
38668
38671
38672
38673
38685
38688
38689
38690
38693
38740
38741
38743
38744
38768
38777
38783
38790
38793
38807
38826
38830
38843
38850
38854
38891
38909
38919
38931
38936
38940
38959
38985
38990
39002
39018
39023
39024
39030
39039
39040
39063
39067
39071
39080
39116
39119
39123
39141
39178
39188
39191
39192
39196
39199
39235
39239
39247
39249
39272
39274
39292
39315
39324
39325
39328
39329
39334
39335
39355
39374
39382
39384
39405
39410
39415
39416
39417
39435
39468
39480
39482
39490
39514
39518
39519
39523
39531
39535
39538
39546
39551
39567
39572
39575
39576
39587
39597
39607
39610
39617
39621
39622
39629
39638
39653
39674
39677
39679
39701
39708
39728
39741
39754
39760
39767
39769
39781
39799
39810
39811
39823
39827
39851
39906
39912
39921
39931
39938
39947
39972
39988
39993
40005
40010
40024
40031
40060
40062
40064
40066
40073
40074
40078
40083
40091
40092
40102
40103
40111
40134
40143
40145
40156
40179
40180
40182
40194
40206
40211
40221
40233
40239
40242
40244
40249
40252
40256
40283
40320
40327
40347
40351
40356
40357
40368
40395
40397
40405
40429
40434
40435
40436
40437
40453
40454
40456
40473
40474
40482
40485
40486
40487
40489
40496
40497
40506
40507
40526
40540
40550
40570
40571
40586
40587
40590
40594
40595
40597
40610
40623
40636
40644
40708
40722
40730
40734
40735
40748
40750
40761
40762
40763
40780
40783
40815
40823
40832
40834
40841
40844
40849
40851
40861
40863
40873
40876
40881
40897
40901
40906
40908
40909
40934
40940
40956
40960
40961
40964
40966
40974
40982
40983
40991
41028
41029
41053
41074
41078
41079
41081
41084
41093
41094
41102
41109
41135
41139
41153
41199
41210
41215
41217
41219
41222
41224
41250
41276
41277
41286
41293
41296
41312
41341
41353
41374
41379
41380
41383
41392
41402
41405
41409
41456
41461
41466
41467
41468
41487
41488
41491
41494
41497
41514
41519
41520
41528
41529
41530
41546
41549
41567
41573
41574
41589
41590
41611
41612
41623
41636
41637
41667
41674
41688
41710
41762
41776
41777
41778
41785
41802
41808
41834
41854
41884
41899
41911
41913
41915
41916
41918
41923
41930
41951
42008
42009
42030
42033
42054
42055
42070
42071
42072
42082
42089
42106
42135
42136
42137
42138
42139
42144
42146
42147
42156
42158
42163
42166
42174
42178
42183
42191
42192
42203
42209
42214
42235
42266
42268
42282
42284
42285
42286
42291
42292
42302
42320
42332
42340
42366
42367
42372
42373
42422
42429
42441
42446
42447
42448
42451
42465
42485
42486
42500
42501
42544
42571
42587
42625
42627
42640
42670
42685
42725
42745
42754
42776
42794
42803
42815
42826
42832
42835
42853
42855
42862
42863
42875
42876
42893
42898
42914
42916
42947
42955
42969
42984
42990
43196
43299
43309
43387
43396
43433
43438
43439
43523
43565
43568
43581
43626
43684
43697
43727
43729
43760
43772
43823
43831
43834
43836
43837
43838
43841
43842
43843
43844
43845
43846
43848
43850
43860
43865
43871
43891
43893
43894
43895
43896
43897
43899
43903
43908
43947
43948
44037
44047
44060
44061
44062
44065
44067
44068
44069
44070
44071
44073
44075
44076
44096
44100
44132
44133
44174
44176
44177
44178
44181
44188
44191
44196
44203
44209
44212
44213
44218
44221
44225
44248
44273
44276
44278
44279
44280
44282
44283
44285
44286
44302
44303
44350
44351
44353
44363
44365
44389
44406
44408
44410
44411
44412
44467
44468
44469
44470
44471
44472
44474
44475
44487
44500
44501
44511
44513
44518
44520
44521
44522
44523
44524
44525
44526
44529
44530
44541
44542
44543
44544
44545
44557
44558
44571
44573
44574
44587
44591
44615
44622
44623
44630
44634
44637
44639
44640
44641
44649
44653
44656
44657
44665
44666
44667
44668
44674
44676
44677
44679
44680
44688
44689
44691
44692
44695
44696
44697
44699
44705
44712
44713
44723
44724
44725
44727
44728
44729
44731
44732
44733
44734
44736
44737
44739
44740
44742
44743
44746
44748
44749
44750
44753
44754
44755
44756
44757
44758
44760
44762
44763
44764
44765
44766
44767
44768
44769
44770
44771
44772
44773
44774
44777
44778
44779
44781
44782
44787
44788
44795
44797
44798
44799
44801
44802
44803
44806
44807
44810
44811
44812
44813
44814
44815
44816
44820
44821
44825
44827
44829
44831
44832
44833
44834
44842
44843
44844
44846
44847
44850
44851
44854
44855
44857
44860
44861
44862
44863
44865
44866
44867
44869
44872
44875
44879
44880
44881
44885
44886
44887
44889
44896
44897
44898
44899
44900
44901
44903
44904
44906
44907
44908
44909
44910
44911
44912
44914
44915
44916
44917
44918
44919
44920
44921
44922
44923
44924
44925
44926
44927
44928
44929
44936
44942
44943
44946
44948
44950
44951
44952
44953
44957
44958
44959
44962
44963
44964
44965
44966
44967
44969
44971
44972
44973
44974
44975
44976
44977
44978
44979
44980
44983
45011
45012
45014
45015
45016
45017
45018
45019
45020
45021
45022
45023
45024
45026
45027
45032
45033
45034
45036
45037
45038
45039
45040
45042
45043
45044
45046
45047
45049
45050
45051
45052
45056
45059
45060
45063
45064
45065
45066
45067
45069
45072
45075
45078
45079
45081
45083
45085
45088
45089
45090
45091
45092
45093
45094
45095
45096
45097
45098
45099
45100
45101
45105
45107
45111
45112
45113
45114
45115
45118
45119
45121
45124
45133
45142
45151
45152
45153
45154
45169
45175
45177
45178
45179
45189
45190
45192
45194
45195
45196
45197
45198
45203
45208
45213
45214
45221
45222
45223
45224
45225
45232
45233
45234
45235
45242
45243
45244
45246
45262
45281
45282
45297
45298
45299
45304
45313
45327
45328
45329
45330
45344
45345
45347
45348
45350
45364
45365
45366
45367
45368
45369
45370
45371
45376
45378
45379
45381
45406
45407
45408
45409
45410
45411
45412
45413
45415
45416
45417
45418
45432
45433
45434
45435
45436
45437
45438
45439
45440
45441
45442
45443
45448
45464
45466
45469
45470
45471
45472
45473
45474
45475
45476
45480
45481
45483
45484
45486
45494
45495
45496
45497
45498
45499
45500
45501
45502
45503
45504
45505
45506
45507
45508
45509
45510
45511
45512
45513
45533
45538
45540
45558
45560
45567
45571
45572
45574
45576
45599
45600
45611
45622
45627
45643
45654
45658
45665
45691
45692
45693
45694
45695
45709
45710
45713
45753
45780
45805
45818
45831
45832
45833
45835
45837
45839
45843
45844
45845
45846
45847
45848
45850
45851
45852
45853
45857
45878
45891
45893
45899
45906
45909
45925
45938
45952
45956
45957
45958
45959
45960
45961
45962
45964
45968
45983
45985
45990
45994
46039
46041
46043
46046
46047
46048
46052
46054
46057
46058
46059
46060
46061
46070
46074
46076
46077
46078
46089
46141
46144
46156
46162
46167
46179
46180
46182
46189
46203
46204
46207
46227
46230
46231
46232
46233
46236
46237
46240
46241
46243
46244
46246
46247
46249
46253
46254
46257
46258
46261
46264
46265
46271
46273
46280
46285
46286
46290
46291
46292
46296
46297
46302
46304
46319
46329
46330
46332
46334
46339
46340
46347
46350
46361
46362
46363
46364
46366
46368
46371
46376
46380
46386
46392
46403
46404
46405
46406
46408
46413
46414
46420
46422
46424
46425
46426
46436
46441
46442
46446
46448
46449
46450
46451
46452
46453
46460
46464
46467
46474
46475
46485
46491
46494
46495
46496
46499
46500
46501
46503
46504
46526
46527
46529
46530
46531
46569
46587
46639
46641
46650
46652
46687
46704
46737
46742
46745
46746
46747
46755
46756
46757
46760
46763
46764
46765
46766
46769
46770
46771
46772
46773
46786
46808
46821
46844
46879
46880
46881
46882
46886
46888
46890
46892
46902
46912
46921
46924
46925
46926
46927
46928
46929
46930
46931
46932
46933
46934
46937
46938
46944
46945
46947
46958
46966
46968
46969
46971
46985
46994
47022
47024
47044
47055
47082
47086
47088
47089
47094
47097
47111
47112
47120
47132
47133
47138
47147
47155
47156
47159
47160
47161
47162
47163
47164
47184
47185
47186
47187
47188
47190
47199
47200
47201
47203
47210
47213
47214
47225
47228
47235
47237
47239
47240
47241
47250
47258
47259
47274
47276
47278
47281
47282
47284
47285
47286
47288
47289
47292
47293
47294
47298
47321
47322
47335
47343
47358
47359
47360
47362
47367
47371
47374
47378
47379
47380
47381
47382
47383
47384
47385
47386
47391
47392
47393
47394
47403
47405
47430
47441
47442
47443
47448
47450
47451
47452
47458
47459
47460
47464
47465
47466
47468
47469
47470
47471
47472
47473
47474
47475
47476
47477
47480
47484
47485
47488
47489
47490
47491
47492
47494
47495
47496
47506
47512
47513
47514
47515
47516
47520
47521
47522
47524
47525
47535
47541
47544
47546
47547
47551
47552
47554
47555
47556
47559
47560
47563
47564
47565
47566
47567
47568
47569
47570
47571
47577
47578
47579
47580
47582
47583
47585
47587
47588
47593
47616
47629
47639
47646
47647
47648
47649
47653
47668
47674
47675
47676
47678
47679
47680
47681
47696
47698
47704
47708
47711
47714
47718
47732
47735
47741
47749
47750
47770
47771
47772
47773
47777
47778
47790
47791
47792
47795
47808
47812
47813
47820
47821
47822
47823
47824
47825
47826
47827
47830
47831
47832
47842
47845
47847
47848
47850
47851
47853
47854
47855
47857
47859
47860
47863
47865
47867
47869
47875
47876
47879
47880
47884
47891
47892
47893
47894
47895
47896
47897
47898
47899
47905
47906
47907
47908
47909
47910
47911
47922
47929
47933
47934
47936
47939
47941
47943
47952
47963
47964
47966
47969
47974
47980
47981
47997
48000
48006
48024
48028
48048
48054
48063
48066
48069
48097
48105
48113
48116
48120
48121
48130
48141
48145
48148
48151
48154
48156
48160
48165
48166
48169
48170
48174
48189
48190
48192
48193
48197
48200
48202
48206
48207
48209
48212
48213
48215
48216
48223
48225
48226
48227
48228
48229
48238
48239
48240
48241
48242
48245
48250
48253
48255
48260
48263
48266
48283
48284
48285
48287
48294
48297
48298
48299
48307
48309
48316
48320
48322
48327
48332
48334
48338
48339
48340
48343
48363
48369
48375
48391
48411
48413
48414
48415
48417
48418
48438
48441
48470
48471
48480
48486
48502
48505
48543
48555
48556
48561
48580
48585
48589
48590
48614
48641
48684
48727
48742
48754
48760
48761
48776
48777
48784
48804
48820
48824
48842
48844
48853
48857
48866
48867
48868
48873
48874
48891
48892
48895
48896
48897
48903
48941
48942
48954
48956
48962
48964
48965
48976
48981
48997
49032
49098
49109
49114
49125
49143
49144
49154
49165
49170
49210
49214
49215
49220
49228
49233
49236
49274
49276
49277
49284
49290
49291
49297
49305
49316
49318
49321
49348
49351
49361
49366
49385
49386
49391
49398
49399
49409
49423
49426
49432
49433
49438
49448
49457
49458
49467
49483
49513
49514
49515
49522
49523
49558
49565
49569
49570
49571
49572
49573
49574
49587
49592
49612
49613
49618
49700
49701
49703
49730
49742
49755
49757
49759
49771
49778
49782
49784
49785
49794
49825
49841
49842
49844
49849
49851
49873
49877
49889
49891
49893
49894
49926
49930
49938
49942
49952
49967
49978
49979
49980
49981
50002
50019
50025
50060
50091
50114
50123
50168
50175
50184
50194
50205
50207
50217
50220
50230
50234
50235
50240
50271
50274
50275
50280
50281
50282
50290
50291
50299
50300
50306
50313
50315
50318
50324
50343
50348
50349
50360
50378
50383
50384
50392
50396
50398
50399
50404
50405
50406
50407
50410
50421
50427
50430
50432
50433
50441
50444
50446
50461
50474
50481
50501
50521
50537
50538
50539
50553
50565
50571
50581
50582
50583
50588
50590
50594
50603
50607
50633
50636
50647
50652
50657
50664
50667
50673
50697
50713
50727
50738
50768
50770
50794
50799
50810
50849
50854
50864
50869
50880
50898
50916
50923
50925
50932
50953
50955
50963
50983
51005
51006
51008
51009
51019
51020
51036
51037
51038
51039
51043
51064
51105
51116
51122
51128
51131
51145
51157
51162
51179
51190
51195
51196
51197
51198
51207
51212
51213
51215
51216
51219
51234
51239
51240
51241
51245
51252
51263
51274
51278
51280
51287
51291
51297
51309
51334
51335
51336
51340
51349
51356
51357
51361
51366
51368
51376
51383
51385
51387
51390
51404
51405
51410
51457
51458
51462
51473
51488
51490
51495
51504
51517
51520
51532
51544
51552
51553
51558
51562
51563
51564
51584
51601
51616
51623
51632
51645
51648
51655
51656
51677
51681
51693
51706
51711
51716
51726
51735
51758
51759
51760
51764
51769
51778
51780
51791
51794
51796
51818
51821
51834
51836
51859
51860
51861
51863
51864
51865
51866
51867
51868
51873
51877
51879
51881
51897
51898
51920
51923
51934
51937
51938
51939
51941
51958
51964
51996
52002
52019
52028
52029
52045
52046
52047
52082
52095
52101
52130
52137
52149
52151
52173
52178
52180
52186
52196
52199
52211
52214
52221
52225
52226
52237
52238
52239
52240
52243
52257
52265
52273
52274
52281
52292
52295
52299
52308
52316
52319
52347
52355
52357
52359
52367
52368
52372
52378
52420
52446
52452
52460
52461
52473
52475
52482
52519
52522
52547
52552
52554
52558
52583
52597
52608
52610
52611
52612
52619
52623
52635
52648
52657
52680
52684
52691
52701
52706
52713
52735
52736
52741
52744
52754
52755
52761
52765
52769
52810
52816
52824
52830
52836
52870
52878
52880
52884
52887
52890
52897
52907
52908
52921
52934
52935
52949
52955
52962
52969
52976
52977
52985
52991
52995
52996
53032
53055
53074
53075
53085
53092
53097
53111
53125
53127
53130
53135
53162
53179
53196
53200
53205
53209
53235
53236
53248
53249
53251
53254
53263
53272
53274
53367
53371
53372
53397
53424
53428
53432
53434
53437
53438
53439
53446
53448
53450
53473
53476
53477
53488
53494
53498
53514
53516
53520
53529
53573
53580
53588
53590
53593
53601
53613
53618
53626
53639
53662
53669
53670
53672
53673
53676
53685
53686
53687
53716
53723
53730
53748
53776
53833
53835
53842
53859
53860
53861
53873
53874
53876
53878
53880
53881
53882
53889
53890
53905
53911
53913
53919
53939
53940
53942
53943
53944
53945
53948
53955
53958
53963
53964
53965
53975
53977
53980
53981
53982
53983
53984
53985
53986
53987
53998
54000
54021
54033
54050
54062
54065
54084
54094
54096
54103
54121
54122
54123
54124
54127
54128
54135
54141
54197
54210
54228
54229
54250
54261
54265
54285
54308
54309
54312
54329
54344
54346
54354
54361
54362
54364
54380
54388
54402
54403
54404
54422
54431
54437
54444
54447
54449
54456
54464
54468
54505
54506
54519
54535
54544
54563
54565
54595
54603
54616
54617
54631
54632
54633
54637
54644
54646
54648
54650
54655
54667
54671
54684
54687
54688
54693
54705
54715
54716
54717
54722
54723
54725
54736
54737
54738
54741
54743
54746
54750
54754
54760
54762
54767
54772
54779
54790
54835
54837
54842
54852
54853
54854
54857
54869
54876
54880
54883
54913
54914
54916
54917
54928
54931
54947
54949
54974
54989
54991
54996
54997
55004
55014
55015
55019
55047
55059
55081
55082
55087
55115
55130
55150
55151
55179
55186
55192
55196
55207
55214
55216
55229
55231
55261
55265
55271
55278
55279
55287
55288
55289
55302
55315
55339
55344
55358
55371
55372
55454
55516
55534
55535
55541
55563
55576
55578
55585
55586
55587
55608
55609
55610
55611
55643
55647
55655
55657
55659
55660
55684
55693
55694
55701
55704
55717
55720
55722
55723
55726
55731
55732
55733
55739
55740
55742
55744
55745
55754
55757
55762
55769
55774
55790
55796
55804
55806
55809
55813
55817
55818
55821
55824
55825
55829
55830
55846
55855
55856
55859
55864
55877
55878
55888
55889
55905
55914
55957
55981
55993
55997
55998
56005
56008
56009
56013
56033
56040
56041
56043
56055
56062
56063
56106
56129
56132
56146
56157
56178
56179
56195
56207
56215
56228
56236
56242
56243
56246
56248
56249
56273
56275
56276
56285
56290
56291
56294
56295
56296
56319
56321
56322
56323
56335
56336
56337
56342
56348
56350
56351
56352
56358
56359
56364
56371
56372
56375
56379
56387
56400
56405
56406
56412
56413
56414
56420
56439
56442
56449
56459
56460
56486
56514
56518
56523
56524
56525
56526
56527
56552
56558
56559
56560
56577
56578
56579
56597
56671
56674
56677
56690
56691
56695
56700
56701
56716
56717
56732
56736
56744
56747
56749
56750
56762
56763
56764
56765
56766
56772
56773
56774
56784
56790
56795
56796
56797
56799
56810
56815
56845
56854
56860
56861
56868
56885
56886
56892
56893
56894
56904
56906
56907
56916
56917
56923
56927
56930
56944
56947
56958
56963
56968
56969
56978
56980
56981
57003
57005
57006
57017
57018
57025
57034
57050
57058
57066
57067
57070
57078
57096
57097
57100
57160
57183
57199
57217
57219
57226
57238
57239
57264
57286
57315
57351
57353
57360
57362
57371
57380
57387
57388
57390
57417
57418
57434
57442
57449
57460
57462
57463
57466
57469
57480
57488
57489
57512
57513
57520
57528
57529
57533
57550
57555
57556
57557
57575
57584
57590
57594
57595
57596
57606
57612
57613
57614
57646
57648
57656
57657
57658
57663
57699
57700
57701
57702
57710
57719
57744
57752
57765
57771
57779
57780
57786
57788
57789
57799
57801
57834
57835
57836
57837
57845
57858
57865
57876
57877
57878
57885
57888
57891
57892
57906
57907
57923
57926
57928
57929
57931
57939
57944
57950
57960
57994
57995
57996
58001
58004
58015
58016
58055
58057
58059
58068
58086
58092
58118
58146
58172
58173
58175
58216
58220
58224
58226
58240
58247
58248
58300
58308
58316
58319
58321
58322
58323
58325
58332
58351
58357
58359
58430
58437
58445
58448
58462
58473
