33
47
55
58
104
150
159
169
226
228
258
270
279
300
326
376
384
395
405
413
499
514
543
553
586
617
618
620
621
690
732
777
838
842
916
934
978
998
999
1026
1048
1085
1107
1136
1148
1163
1177
1192
1225
1227
1245
1269
1280
1281
1336
1337
1338
1340
1341
1342
1343
1346
1374
1380
1384
1462
1484
1494
1500
1508
1517
1556
1571
1573
1594
1611
1628
1629
1647
1658
1705
1767
1819
1860
1889
1951
1966
2012
2016
2017
2018
2073
2130
2147
2165
2178
2246
2250
2252
2261
2262
2293
2354
2355
2356
2404
2592
2683
2745
2775
2978
2981
2983
3129
3130
3166
3176
3178
3258
3342
3354
3446
3475
3595
3599
3603
3625
3652
3710
3713
3801
3906
3913
3952
4044
4082
4095
4484
4531
4581
4823
4853
4896
4983
5034
5039
5296
5554
5624
5688
5918
6016
6061
6069
6267
6270
6271
6276
6344
6472
6610
6809
6880
6904
6920
6978
6980
7079
7621
7662
7724
8074
8081
8145
8146
8150
8152
8153
8154
8155
8157
8158
8162
8182
8194
8208
8226
8227
8228
8278
8539
8682
8920
8986
9159
9345
9509
9544
9662
9824
9882
10083
10218
10245
10417
10418
10490
10681
11077
11111
11411
11499
11679
11687
11691
11701
11837
11869
11915
11995
12113
12115
12445
12481
12483
12485
12769
12833
13055
13125
13807
14117
14189
15037
15045
16592
16602
16604
16606
16610
16694
16700
17405
17615
19315
19513
19533
20353
20811
20855
22053
22055
22319
22535
22687
22689
22975
22977
23351
23765
23767
24127
24765
26063
27899
28087
28117
28489
28623
29495
30089
30412
30458
30463
30524
30825
30868
30869
30870
30948
30960
30967
31014
31297
31430
31580
31634
31853
32015
32071
32189
32379
32438
32557
32682
32894
32934
33028
33042
33103
33144
33253
33357
33508
33519
33520
33702
33761
33814
33820
34048
34055
34060
34103
34152
34222
34233
34236
34532
34544
34674
34966
34974
35009
35060
35069
35121
35140
35141
35266
35319
35480
35496
35676
35952
35994
36003
36027
36124
36135
36152
36245
36266
36511
36625
36762
36992
37140
37243
37256
37291
37517
37559
37590
37666
37667
37729
37735
37742
37799
38104
38181
38348
38368
38579
38668
38902
38915
39675
40074
40332
40378
41006
41029
41053
41096
41124
41245
41325
41340
41504
41851
42014
42047
42076
42129
42260
42290
42737
42899
42906
42976
42985
43565
43690
44090
44387
44551
44552
44553
44554
44555
44556
44560
44588
44657
44670
44776
45856
46729
47301
47449
48425
48483
48488
48576
48890
49164
49210
51306
52031
52107
52205
52230
52505
52585
52638
52762
52814
52886
52941
52976
53038
53047
53121
53188
53193
53794
53901
53970
54017
54112
54164
54167
54287
54298
54398
54453
54782
54993
55008
55266
55324
55354
55607
56036
56105
56186
56347
56591
56605
56636
56637
56839
56943
57239
57422
57500
57779
57797
57990
58178
58195
58197
58331
58345
58346
