7
19
43
48
132
142
149
150
155
156
165
169
173
198
202
208
222
228
235
239
244
252
272
279
282
299
301
308
326
335
341
364
365
370
387
407
440
455
457
467
468
493
497
553
567
586
595
620
621
693
721
779
780
781
790
793
801
849
861
876
916
934
942
953
994
998
999
1013
1043
1079
1082
1085
1096
1109
1136
1143
1145
1156
1243
1246
1252
1281
1346
1363
1364
1365
1366
1367
1368
1369
1412
1414
1415
1416
1417
1418
1419
1420
1421
1422
1423
1424
1425
1427
1428
1429
1430
1431
1432
1433
1434
1435
1437
1438
1439
1441
1456
1470
1471
1472
1473
1474
1475
1476
1477
1483
1494
1505
1506
1520
1548
1556
1566
1571
1594
1601
1611
1664
1742
1745
1844
1879
1880
1889
1901
1910
1935
1959
1966
1972
1981
1998
2003
2010
2016
2017
2018
2025
2030
2043
2055
2057
2076
2077
2161
2164
2171
2204
2237
2246
2251
2267
2281
2369
2449
2512
2513
2514
2515
2538
2562
2593
2596
2597
2618
2683
2690
2704
2781
2899
2901
2924
2931
2965
2967
2972
2983
2985
3019
3024
3091
3245
3294
3313
3359
3366
3389
3435
3457
3547
3574
3614
3652
3673
3713
3743
3778
3782
3783
3813
3859
3901
3952
4003
4162
4202
4280
4282
4320
4332
4382
4447
4752
4756
4789
4879
4896
4898
4917
4918
4941
4975
5019
5081
5088
5177
5204
5205
5288
5348
5356
5460
5468
5530
5578
5630
5918
5926
6069
6091
6107
6115
6163
6172
6198
6231
6372
6408
6438
6467
6573
6610
6624
6637
6674
6736
6746
6783
6864
6927
6948
6954
6974
6980
7079
7112
7160
7303
7304
7305
7311
7338
7459
7471
7598
7662
7724
7768
7785
8162
8278
8331
8425
8609
8915
9154
9260
9371
9509
9706
9782
9785
9786
9846
9882
9941
9963
9981
10083
10090
10104
10161
10163
10194
10417
10469
10481
10490
10491
10504
10531
10568
10588
10604
10689
10693
10703
10713
10755
10766
10798
10923
10965
11093
11111
11341
11375
11531
11597
11685
11701
11799
12015
12017
12117
12139
12189
12259
12433
12445
12481
12483
12485
12753
12879
13093
13125
13299
13367
13469
13587
13599
13601
13837
13839
13843
13863
13955
14075
14189
14267
14467
14647
14735
14807
15037
15085
15109
15211
15347
15613
15651
15783
15819
15933
16009
16035
16247
16393
16592
16700
16890
17074
17267
17403
17487
18055
18429
18819
19191
19705
19991
20423
20441
20581
20689
20787
21037
21255
21329
21419
21431
21447
21557
21561
21701
21855
21867
21939
22053
22055
22145
22439
22763
22817
23115
23133
23199
23281
23283
23317
23333
23421
23801
24075
24169
24687
24701
24765
24909
25077
25253
25267
25983
26359
27411
27629
27831
27833
27947
27969
28019
28025
28263
28479
28497
28619
28621
28673
28677
28869
28929
28955
28957
29275
29403
29437
29837
30066
30178
30187
30191
30290
30291
30485
30524
30537
30818
30825
30868
30869
30870
30895
31043
31147
31181
31221
31227
31405
31478
31486
31552
31580
31593
31599
31630
31633
31670
31757
31758
31812
31923
32005
32015
32189
32268
32313
32376
32438
32682
32827
32830
32867
32915
32946
32962
33028
33071
33145
33149
33150
33151
33152
33191
33253
33263
33308
33309
33337
33377
33454
33490
33508
33693
33717
33761
33820
33874
33969
33985
34036
34102
34103
34152
34197
34350
34368
34430
34599
34712
34741
34753
34933
34944
34966
34974
35231
35240
35247
35248
35315
35404
35557
35656
35737
35776
35798
35815
35838
35857
35889
36027
36124
36424
36548
36625
36644
36722
36762
36796
36827
36862
36969
36999
37023
37086
37152
37175
37208
37272
37365
37407
37438
37447
37458
37487
37490
37496
37514
37515
37516
37522
37525
37563
37643
37687
37737
37779
37807
37926
37928
37938
37952
37964
37981
37984
37994
38003
38161
38331
38409
38410
38450
38461
38540
38600
38628
38656
38688
38690
38720
38735
38742
38770
38788
38895
38918
38923
38936
38940
38959
39017
39066
39198
39332
39335
39382
39435
39463
39491
39567
39582
39610
39720
39736
39738
39764
39766
39905
39948
39972
40046
40052
40075
40082
40142
40154
40156
40221
40230
40340
40348
40359
40405
40434
40460
40484
40578
40602
40732
40752
40780
40784
40858
40863
40908
40911
40994
40995
41006
41029
41084
41120
41140
41141
41194
41224
41245
41392
41564
41595
41659
41750
41776
41777
41778
41877
41919
42057
42084
42178
42295
42296
42476
42822
42883
43229
43297
43325
43439
43690
43767
43774
43888
44067
44074
44204
44213
44387
44570
44588
45068
45518
45556
45953
46045
46102
46471
47194
47231
47413
47537
47616
47790
48270
48271
48301
48342
48455
48481
48486
48488
48580
48640
48649
48784
48849
48866
48917
49040
49114
49138
49200
49320
49361
49413
49590
49611
49733
49782
49818
50010
50012
50094
50098
50204
50240
50284
50330
50339
50429
50462
50537
50586
50590
50593
50629
50653
50668
50768
50770
50799
50919
51116
51238
51239
51240
51241
51252
51296
51494
51585
51727
51782
51996
52105
52107
52182
52291
52480
52554
52635
52747
52810
52877
52882
52941
53012
53071
53109
53154
53155
53213
53393
53514
53540
53780
53852
53879
53976
54013
54029
54199
54250
54287
54308
54340
54346
54468
54492
54790
54833
54860
54864
54898
54909
54947
55093
55345
55355
55362
55527
55758
55817
55855
55995
56292
56293
56354
56373
56553
56609
56691
56732
56785
56787
56868
56975
57093
57094
57095
57167
57184
57239
57441
57478
57500
57590
57635
57810
57864
57995
58032
58079
