16
24
44
45
49
50
51
53
59
60
61
62
63
67
79
81
83
84
85
93
94
95
96
100
101
102
103
104
105
106
113
116
117
119
120
122
123
124
125
126
133
142
144
145
146
147
148
157
162
165
169
175
176
177
178
179
182
187
189
190
191
192
193
195
197
200
201
206
215
216
218
226
232
237
241
246
247
248
249
256
259
260
261
262
266
275
276
277
281
282
284
290
291
300
304
311
313
315
318
319
322
325
328
329
330
334
337
338
343
345
346
355
356
358
361
362
363
372
374
380
381
382
386
390
393
394
396
397
398
399
401
403
416
431
433
443
445
448
449
450
451
452
455
469
470
471
472
474
476
478
487
493
499
504
506
509
510
513
514
517
519
520
521
522
524
529
530
531
532
538
543
546
547
548
554
556
557
563
570
571
573
576
585
587
588
590
591
596
604
605
609
612
614
617
622
623
625
626
629
630
631
632
633
634
637
641
642
644
647
648
649
656
660
661
668
669
670
676
677
682
683
684
685
687
691
694
695
696
704
710
713
714
715
718
721
722
725
729
740
743
744
748
756
758
776
797
808
811
817
818
819
824
835
836
840
846
852
853
854
858
877
878
880
881
886
919
940
942
957
959
960
963
969
981
990
991
993
996
997
998
1003
1006
1007
1008
1011
1021
1029
1032
1033
1036
1039
1040
1053
1056
1065
1067
1070
1071
1079
1084
1086
1087
1088
1089
1103
1104
1110
1115
1124
1128
1129
1130
1140
1141
1142
1144
1146
1153
1174
1180
1182
1189
1191
1195
1198
1207
1210
1211
1218
1219
1220
1222
1223
1224
1225
1226
1233
1234
1235
1239
1248
1250
1251
1252
1271
1278
1293
1295
1311
1327
1328
1375
1381
1397
1452
1453
1459
1481
1486
1488
1497
1509
1514
1516
1517
1530
1531
1533
1539
1540
1543
1546
1552
1555
1563
1567
1568
1569
1570
1578
1579
1581
1588
1591
1592
1607
1617
1619
1624
1625
1644
1648
1679
1688
1689
1691
1692
1698
1699
1701
1711
1718
1720
1721
1722
1723
1725
1727
1732
1734
1744
1749
1750
1786
1790
1799
1808
1810
1815
1817
1836
1838
1840
1846
1847
1853
1864
1866
1868
1869
1872
1874
1893
1901
1904
1905
1906
1914
1920
1921
1922
1923
1924
1925
1935
1936
1944
1946
1949
1957
1965
1968
1974
1988
1998
2008
2009
2012
2026
2027
2029
2034
2035
2037
2041
2043
2044
2045
2046
2049
2052
2059
2071
2082
2089
2090
2091
2092
2093
2096
2098
2101
2104
2105
2129
2132
2146
2147
2155
2167
2170
2174
2179
2180
2193
2198
2210
2217
2221
2224
2231
2236
2245
2259
2294
2312
2332
2333
2334
2383
2387
2419
2454
2458
2459
2460
2468
2476
2485
2486
2491
2492
2517
2523
2526
2527
2534
2535
2536
2538
2542
2543
2557
2564
2579
2595
2609
2615
2685
2712
2730
2762
2768
2771
2777
2784
2787
2793
2795
2799
2800
2816
2817
2825
2834
2910
2911
2924
2926
2927
2966
2993
3011
3021
3022
3024
3026
3036
3043
3051
3076
3081
3088
3090
3115
3120
3125
3157
3159
3174
3182
3186
3194
3229
3247
3265
3266
3298
3299
3306
3318
3335
3345
3392
3394
3419
3455
3457
3464
3467
3470
3483
3484
3488
3497
3501
3503
3513
3572
3597
3605
3613
3615
3619
3627
3641
3654
3661
3690
3712
3731
3744
3759
3782
3806
3807
3809
3813
3868
3889
3907
3910
3948
3952
3965
4015
4059
4066
4069
4113
4163
4166
4181
4188
4189
4192
4199
4205
4213
4214
4218
4224
4246
4282
4306
4451
4452
4477
4483
4484
4485
4508
4513
4551
4614
4662
4688
4703
4713
4720
4722
4723
4744
4752
4789
4804
4886
4917
4927
4938
4997
4999
5039
5042
5072
5081
5112
5150
5155
5167
5204
5205
5216
5278
5288
5293
5310
5332
5341
5415
5447
5504
5507
5521
5534
5597
5620
5630
5640
5648
5678
5690
5702
5717
5734
5772
5799
5835
5854
5865
5904
5927
5941
5956
5958
5984
5990
5992
6007
6023
6045
6060
6065
6095
6098
6117
6129
6165
6166
6182
6187
6205
6219
6268
6324
6346
6347
6351
6366
6372
6408
6419
6447
6489
6496
6505
6512
6567
6571
6572
6591
6594
6609
6624
6637
6709
6712
6726
6747
6773
6783
6791
6811
6927
6948
6985
7054
7066
7148
7222
7333
7366
7376
7377
7396
7430
7474
7475
7482
7559
7575
7578
7579
7590
7593
7647
7668
7674
7769
7781
7785
7805
7808
7817
7953
8038
8190
8230
8233
8258
8310
8324
8407
8425
8426
8476
8481
8516
8524
8525
8533
8536
8538
8542
8560
8630
8643
8676
8713
8756
8765
8767
8768
8861
8889
8890
8891
8900
8934
9000
9002
9005
9041
9074
9117
9212
9242
9243
9244
9330
9333
9335
9347
9348
9351
9353
9367
9496
9500
9542
9587
9611
9618
9624
9656
9736
9750
9760
9790
9922
9943
9988
9998
10020
10029
10030
10036
10045
10076
10079
10080
10110
10152
10178
10180
10213
10219
10236
10259
10321
10334
10373
10397
10408
10435
10447
10460
10481
10536
10547
10582
10594
10595
10604
10611
10719
10723
10810
10834
10897
10928
10933
10934
10943
11001
11013
11101
11161
11179
11221
11235
11313
11319
11433
11445
11499
11547
11617
11739
11757
11759
11837
11887
11919
11933
12067
12131
12175
12279
12291
12293
12365
12445
12461
12467
12531
12549
12565
12579
12581
12669
12673
12711
12729
12857
12881
12967
13055
13093
13299
13349
13357
13367
13585
13629
13659
13663
13731
13757
13759
13833
13851
13931
13939
14027
14049
14145
14183
14189
14199
14227
14231
14247
14277
14289
14293
14515
14645
14669
14685
14713
14741
14749
14751
14753
14813
14827
14833
14893
14921
14967
15045
15085
15117
15177
15225
15325
15379
15411
15451
15583
15605
15609
15689
15717
15719
15895
15951
16001
16011
16067
16149
16201
16273
16319
16353
16355
16397
16528
16586
16608
16662
16694
16706
16782
16866
16868
16870
16934
16954
16982
17020
17074
17409
17635
17641
17729
17741
17743
17777
17827
17871
17875
17895
18001
18045
18053
18071
18095
18195
18245
18247
18661
18671
18677
18683
18753
18841
18857
18897
19021
19117
19151
19163
19221
19251
19351
19495
19559
19575
19685
19897
19921
19923
20457
20517
20541
20649
20673
20785
20853
20939
20971
21033
21041
21121
21439
21563
21647
21653
21677
21679
21775
21781
21845
21881
21995
22057
22071
22101
22231
22271
22295
22411
22663
22693
22745
22877
22893
22961
23079
23153
23227
23233
23265
23273
23277
23289
23363
23423
23447
23579
23615
23621
23673
23701
23847
23903
23985
24133
24135
24151
24175
24227
24231
24257
24261
24451
24627
24655
24703
24705
24873
25013
25033
25065
25079
25099
25157
25265
25375
25397
25429
25437
25517
25623
25681
25815
25839
25879
26019
26023
26043
26189
26265
26349
26351
26441
27601
27619
27633
27693
27757
27775
27787
27945
28013
28041
28047
28235
28251
28285
28297
28299
28385
28675
28677
28713
28725
28819
28959
28979
29027
29067
29089
29095
29129
29317
29363
29453
29527
29529
29589
29637
29785
29835
29855
29870
29876
29976
30014
30015
30036
30123
30165
30196
30296
30300
30307
30363
30365
30381
30382
30383
30544
30647
30709
30727
30749
30771
30813
30895
30907
30909
30970
31109
31173
31178
31245
31319
31338
31380
31404
31414
31452
31456
31483
31491
31499
31521
31711
31715
31716
31733
31737
31763
31785
31797
31798
31845
31865
31925
31952
31977
31980
32105
32202
32215
32218
32256
32262
32264
32323
32422
32553
32600
32601
32603
32698
32729
32879
32899
32901
32932
32948
32949
33012
33036
33048
33056
33087
33102
33113
33161
33175
33181
33203
33209
33219
33232
33241
33242
33247
33299
33323
33354
33378
33396
33419
33446
33487
33502
33581
33674
33743
33836
33850
33925
34003
34016
34126
34136
34151
34173
34209
34279
34280
34281
34318
34337
34403
34430
34498
34537
34602
34658
34675
34822
34830
34902
34934
34972
34984
35000
35049
35062
35203
35204
35228
35237
35251
35252
35320
35338
35367
35368
35413
35434
35466
35484
35602
35608
35626
35627
35628
35639
35650
35712
35770
35849
35928
35960
35968
35996
36021
36032
36038
36043
36098
36160
36185
36204
36220
36229
36305
36407
36455
36470
36491
36492
36510
36516
36528
36539
36542
36545
36560
36578
36632
36633
36644
36688
36705
36726
36754
36771
36775
36792
36793
36823
36824
36834
36848
36864
36885
36950
36976
37044
37073
37150
37152
37164
37176
37181
37197
37207
37209
37266
37277
37280
37345
37377
37396
37446
37450
37475
37497
37564
37595
37608
37618
37619
37620
37711
37716
37719
37737
37740
37776
37823
37826
37886
37910
37928
37937
37938
37956
37982
37983
37986
37992
37997
38017
38019
38020
38098
38100
38101
38164
38186
38226
38251
38272
38285
38329
38331
38347
38349
38357
38403
38409
38410
38435
38436
38464
38473
38483
38491
38533
38555
38556
38561
38594
38677
38680
38735
38740
38741
38753
38778
38814
38816
38821
38824
38826
38854
38917
38992
39017
39022
39080
39095
39141
39175
39188
39264
39272
39326
39329
39333
39364
39385
39482
39513
39547
39559
39569
39710
39720
39753
39767
39783
39799
39819
39905
39912
39957
39999
40004
40024
40062
40075
40233
40286
40417
40429
40497
40530
40595
40602
40603
40623
40632
40638
40707
40708
40728
40734
40787
40793
40806
40807
40835
40839
40876
40893
40904
40905
40909
40936
40938
40966
40991
41041
41103
41168
41195
41221
41223
41278
41285
41340
41389
41461
41511
41528
41545
41589
41622
41660
41710
41786
41802
41812
41854
41884
42004
42172
42176
42183
42214
42266
42282
42297
42380
42381
42431
42435
42481
42483
42519
42629
42632
42667
42780
42786
42792
42794
42798
42826
42897
42898
42938
42963
43007
43291
43470
43608
43779
43867
43969
44006
44037
44046
44060
44062
44096
44097
44203
44204
44221
44270
44390
44412
44505
44506
44507
44508
44509
44516
44669
44681
44688
44725
44833
44869
44931
45041
45055
45196
45596
45598
45599
45604
45613
45653
45969
46422
46431
46471
46985
47158
47402
47409
47790
47795
47972
48235
48305
48318
48421
48537
48548
48570
48643
48675
48694
48736
48832
48866
48875
48917
48945
48962
49118
49274
49305
49310
49386
49457
49470
49518
49520
49550
49569
49590
49683
49718
49774
49830
49834
49835
49842
49847
49930
49979
49980
49981
50039
50048
50055
50150
50220
50239
50244
50249
50271
50274
50275
50306
50307
50346
50403
50425
50461
50521
50575
50593
50603
50606
50621
50640
50652
50667
50710
50713
50739
50796
50803
50923
51038
51059
51086
51122
51133
51135
51203
51210
51215
51280
51343
51403
51417
51455
51456
51466
51495
51498
51531
51533
51552
51617
51632
51705
51769
51782
51808
51815
51821
51897
52080
52082
52173
52186
52196
52198
52251
52289
52305
52308
52401
52480
52481
52552
52573
52578
52608
52610
52614
52639
52687
52697
52698
52700
52709
52822
52863
52865
52879
52934
52955
52961
52967
52971
52973
52990
53014
53025
53040
53050
53065
53097
53126
53128
53129
53153
53260
53300
53334
53355
53379
53402
53434
53488
53512
53529
53584
53585
53632
53645
53650
53667
53720
53835
53905
53958
54000
54075
54232
54259
54265
54275
54285
54455
54504
54583
54632
54643
54693
54694
54714
54726
54739
54740
54744
54768
54773
54775
54779
54808
54829
54842
54846
54855
54856
54870
54880
54893
54915
54916
54925
55009
55071
55089
55117
55131
55140
55150
55151
55239
55342
55571
55576
55578
55579
55597
55634
55643
55651
55690
55721
55722
55723
55726
55742
55749
55756
55769
55842
55853
55866
55887
55889
55891
55897
55957
55970
55996
55998
56006
56014
56032
56049
56093
56098
56228
56230
56352
56461
56488
56538
56549
56643
56659
56701
56732
56734
56735
56741
56756
56826
56838
56843
56876
56923
56929
56935
56945
56946
56948
56964
56987
57016
57031
57050
57097
57181
57185
57186
57189
57192
57217
57250
57254
57362
57391
57418
57433
57436
57439
57472
57517
57524
57528
57616
57650
57841
57885
57940
57974
58055
58082
58114
58143
58146
58170
58181
58257
58259
58271
58272
58297
58369
58390
