1
5
6
25
26
29
31
43
47
52
54
55
56
58
59
63
68
69
71
75
80
81
82
83
84
85
86
87
88
89
90
91
92
93
94
95
96
97
107
109
111
112
113
127
128
134
141
146
151
152
159
160
165
166
167
168
175
180
181
184
194
195
196
197
202
208
209
212
218
219
222
233
236
237
239
256
266
267
271
274
276
277
278
285
286
290
293
294
295
296
302
308
318
321
324
329
333
342
344
347
354
358
366
370
373
374
375
377
378
379
383
384
385
389
393
395
396
397
398
399
400
406
408
411
413
420
421
422
423
424
432
433
443
455
458
467
468
474
475
477
478
483
492
493
498
513
516
522
526
529
537
538
539
540
541
543
544
545
548
555
556
557
559
560
561
562
563
564
565
566
567
568
569
571
573
574
579
584
593
598
608
609
611
619
622
625
629
630
631
632
648
652
653
654
655
668
681
685
686
687
693
696
705
708
709
711
719
731
732
744
751
758
763
764
765
766
767
769
770
773
785
790
800
801
810
812
816
817
820
832
833
838
840
848
849
854
856
858
864
865
878
887
888
890
891
892
893
894
895
896
897
898
899
900
901
902
905
906
909
918
919
924
925
926
927
928
929
930
932
935
937
938
944
949
953
956
958
962
967
971
973
974
975
976
978
980
984
986
992
993
1000
1002
1005
1006
1016
1022
1023
1025
1027
1034
1047
1050
1051
1055
1059
1064
1067
1068
1069
1079
1080
1081
1082
1086
1088
1089
1090
1091
1092
1096
1100
1101
1102
1103
1104
1111
1112
1122
1124
1126
1127
1128
1129
1130
1133
1136
1137
1138
1140
1143
1144
1146
1147
1149
1151
1152
1154
1155
1156
1157
1159
1160
1165
1166
1168
1169
1175
1177
1178
1179
1180
1184
1185
1186
1187
1189
1191
1194
1202
1211
1212
1215
1220
1221
1224
1226
1227
1230
1231
1232
1234
1236
1241
1243
1244
1245
1247
1248
1249
1251
1252
1253
1254
1255
1256
1257
1258
1259
1260
1261
1262
1264
1270
1279
1285
1286
1287
1288
1289
1290
1293
1295
1296
1297
1298
1301
1302
1303
1311
1312
1314
1335
1336
1338
1344
1346
1347
1348
1349
1350
1351
1352
1355
1356
1357
1358
1361
1371
1374
1377
1380
1381
1382
1391
1392
1393
1394
1395
1396
1397
1398
1399
1400
1409
1410
1411
1442
1443
1444
1448
1450
1457
1458
1459
1460
1462
1465
1466
1468
1480
1481
1487
1490
1491
1494
1495
1504
1508
1514
1515
1517
1528
1537
1542
1543
1544
1548
1549
1553
1560
1566
1574
1575
1578
1582
1583
1584
1598
1599
1600
1602
1603
1611
1618
1620
1623
1625
1626
1627
1631
1640
1643
1645
1647
1648
1650
1651
1652
1660
1661
1662
1664
1665
1666
1667
1668
1669
1670
1671
1672
1673
1675
1676
1677
1678
1682
1683
1690
1693
1694
1701
1704
1705
1706
1707
1710
1711
1712
1713
1733
1737
1743
1746
1747
1748
1759
1767
1768
1769
1772
1774
1789
1790
1792
1794
1795
1796
1802
1803
1811
1812
1816
1817
1819
1820
1823
1831
1832
1833
1835
1837
1845
1853
1854
1857
1862
1865
1867
1873
1879
1880
1890
1891
1892
1897
1899
1900
1901
1903
1916
1917
1919
1920
1921
1922
1923
1924
1925
1935
1936
1938
1940
1941
1942
1944
1951
1955
1962
1964
1967
1968
1969
1975
1978
1980
1981
1985
1986
1991
1993
1994
1995
1998
1999
2000
2001
2002
2003
2019
2025
2028
2036
2042
2044
2048
2051
2053
2056
2058
2060
2061
2062
2063
2064
2065
2066
2067
2068
2072
2078
2080
2088
2089
2090
2094
2095
2096
2097
2099
2100
2106
2108
2109
2110
2123
2127
2128
2147
2152
2157
2158
2164
2168
2169
2170
2176
2178
2182
2196
2200
2202
2203
2205
2206
2212
2215
2217
2222
2234
2235
2236
2245
2250
2253
2254
2255
2257
2258
2260
2261
2262
2263
2269
2273
2281
2283
2284
2285
2288
2289
2291
2292
2293
2294
2298
2299
2300
2301
2302
2303
2304
2305
2309
2310
2312
2319
2321
2322
2331
2332
2337
2354
2355
2361
2362
2364
2382
2383
2389
2397
2398
2407
2408
2414
2419
2420
2422
2423
2448
2449
2450
2451
2452
2453
2455
2461
2470
2471
2473
2474
2475
2482
2484
2487
2497
2510
2511
2516
2521
2522
2527
2534
2535
2536
2537
2560
2561
2563
2564
2581
2582
2583
2584
2585
2586
2589
2592
2598
2599
2600
2601
2603
2604
2607
2613
2614
2622
2625
2629
2630
2631
2632
2633
2634
2645
2649
2650
2652
2656
2658
2664
2668
2669
2674
2676
2677
2679
2684
2686
2688
2689
2695
2696
2697
2699
2700
2713
2717
2722
2723
2724
2725
2735
2736
2742
2746
2747
2754
2755
2756
2758
2759
2760
2761
2769
2770
2775
2785
2792
2793
2795
2803
2808
2811
2816
2818
2832
2833
2837
2839
2882
2904
2906
2907
2910
2929
2933
2941
2951
2961
2962
2964
2965
2969
2973
2974
2978
2987
2998
3014
3015
3016
3022
3026
3028
3032
3033
3035
3044
3059
3060
3061
3067
3069
3070
3071
3072
3075
3079
3085
3086
3087
3098
3101
3104
3114
3115
3127
3135
3146
3151
3152
3153
3154
3166
3167
3175
3176
3183
3190
3192
3193
3219
3222
3223
3231
3232
3234
3235
3252
3256
3258
3268
3270
3271
3287
3288
3294
3297
3305
3312
3315
3317
3323
3325
3327
3342
3349
3352
3361
3363
3366
3371
3381
3390
3398
3399
3406
3407
3410
3429
3430
3433
3436
3444
3446
3447
3451
3455
3463
3464
3480
3481
3485
3486
3490
3499
3515
3522
3561
3572
3577
3579
3596
3602
3609
3626
3630
3637
3653
3661
3665
3667
3672
3675
3676
3684
3689
3735
3762
3763
3764
3772
3784
3785
3786
3787
3817
3818
3820
3821
3834
3837
3840
3846
3854
3859
3880
3882
3898
3900
3907
3927
3932
3936
3937
3960
3963
3964
3969
3974
4014
4037
4051
4052
4058
4066
4067
4068
4083
4088
4106
4107
4119
4150
4177
4182
4186
4198
4200
4209
4232
4240
4246
4250
4264
4266
4318
4334
4362
4371
4382
4385
4386
4387
4411
4416
4454
4469
4470
4486
4503
4504
4509
4521
4532
4533
4534
4536
4540
4547
4565
4567
4574
4578
4617
4618
4640
4646
4650
4654
4672
4681
4690
4712
4733
4765
4773
4808
4810
4907
4917
4929
4933
4934
4961
4967
4975
4981
4985
4997
5014
5022
5031
5032
5037
5039
5052
5053
5070
5072
5074
5075
5090
5129
5131
5133
5143
5153
5164
5165
5196
5220
5237
5244
5266
5270
5278
5288
5289
5290
5293
5298
5307
5310
5311
5322
5330
5342
5351
5356
5372
5395
5421
5440
5462
5475
5477
5492
5505
5515
5539
5593
5628
5629
5630
5652
5656
5658
5667
5675
5681
5691
5723
5725
5742
5755
5763
5784
5829
5833
5859
5862
5878
5883
5907
5927
5928
5943
5945
5958
5967
5968
5973
5990
6016
6028
6030
6038
6073
6074
6078
6087
6152
6153
6154
6162
6166
6189
6209
6213
6215
6217
6245
6281
6288
6331
6336
6372
6374
6375
6380
6381
6383
6390
6428
6437
6447
6448
6452
6463
6511
6566
6567
6573
6583
6610
6636
6637
6653
6671
6672
6675
6676
6718
6727
6733
6734
6735
6792
6796
6800
6802
6867
6872
6875
6880
6889
6899
6927
6939
6942
6945
6947
6970
6974
6978
6989
6992
7060
7066
7090
7106
7113
7122
7124
7139
7144
7156
7157
7158
7192
7222
7230
7248
7270
7279
7285
7290
7308
7311
7336
7338
7366
7419
7427
7465
7472
7474
7536
7551
7596
7598
7666
7667
7681
7744
7750
7781
7816
7858
7900
7953
7956
8011
8017
8098
8100
8115
8130
8181
8191
8192
8197
8215
8248
8249
8250
8285
8297
8368
8369
8375
8394
8407
8449
8526
8546
8547
8548
8550
8551
8553
8561
8563
8687
8706
8707
8710
8716
8743
8767
8799
8839
8853
8879
8888
8897
8899
8917
8934
8935
8937
8939
8955
9001
9040
9041
9043
9047
9053
9121
9170
9181
9213
9221
9239
9241
9253
9314
9333
9342
9346
9367
9376
9379
9385
9387
9389
9390
9391
9403
9409
9438
9479
9488
9494
9500
9520
9522
9526
9528
9544
9566
9595
9598
9613
9618
9629
9691
9706
9708
9735
9737
9751
9759
9781
9782
9790
9834
9881
9911
9941
9969
9972
9978
10005
10017
10036
10044
10090
10104
10105
10118
10122
10139
10153
10156
10161
10163
10191
10224
10263
10294
10308
10313
10319
10336
10342
10348
10351
10373
10405
10417
10418
10447
10456
10463
10470
10477
10581
10588
10592
10624
10638
10648
10653
10666
10687
10689
10693
10701
10702
10713
10714
10715
10716
10717
10718
10735
10751
10780
10793
10794
10798
10801
10808
10815
10820
10863
10869
10870
10918
10937
10947
10948
10949
10950
10954
10965
10999
11017
11021
11043
11087
11103
11135
11213
11227
11269
11299
11307
11357
11359
11375
11405
11411
11433
11445
11505
11577
11635
11661
11735
11743
11751
11755
11759
11767
11785
11837
11995
12017
12029
12053
12133
12135
12137
12149
12163
12223
12225
12231
12281
12337
12343
12347
12399
12419
12429
12439
12441
12471
12477
12487
12501
12643
12677
12689
12767
12783
12799
12851
12857
12877
12881
12883
12885
12887
12897
12901
12929
12951
12991
13125
13239
13287
13365
13391
13411
13427
13429
13479
13587
13599
13601
13663
13669
13693
13727
13731
13851
13859
13863
13927
13939
13955
14007
14039
14237
14283
14293
14317
14345
14373
14529
14623
14629
14675
14685
14781
14817
14875
14941
15177
15219
15335
15391
15417
15583
15699
15793
15795
15863
15883
15971
16033
16035
16041
16049
16131
16157
16159
16251
16259
16303
16331
16335
16389
16399
16524
16528
16554
16558
16560
16562
16564
16566
16568
16590
16614
16668
16696
16702
16748
16784
16786
16790
16794
16796
16810
16818
16822
16830
17002
17048
17080
17131
17165
17167
17187
17247
17269
17293
17325
17563
17573
17599
17621
17624
17641
17655
17659
17677
17787
17791
17887
17919
17947
17959
17961
17963
17965
18001
18229
18247
18269
18271
18283
18295
18301
18303
18305
18307
18315
18319
18413
18449
18463
18627
18637
18703
18713
18755
18795
18815
18841
18893
18967
18989
19059
19163
19171
19191
19193
19195
19211
19279
19319
19367
19481
19517
19573
19653
19775
19855
19873
19899
19977
19989
19995
19997
20035
20045
20057
20083
20111
20233
20261
20479
20533
20547
20785
20787
20945
20973
20975
21021
21037
21039
21077
21177
21335
21339
21353
21395
21431
21433
21437
21469
21471
21511
21551
21573
21575
21587
21603
21653
21663
21671
21677
21845
21899
22037
22049
22427
22435
22503
22535
22583
22657
22677
22687
22689
22729
22997
23023
23067
23099
23133
23249
23259
23279
23281
23319
23327
23333
23387
23447
23595
23703
23725
23753
23801
23829
23835
23855
23909
23911
23931
24075
24123
24269
24355
24405
24469
24625
24637
24655
24695
24699
24847
24893
24919
24921
25313
25383
25393
25457
25567
25635
25731
25867
25889
25891
25907
25977
25985
26023
26079
26117
26447
27379
27387
27411
27455
27503
27509
27631
27651
27655
27677
27775
27829
27957
27993
28013
28021
28145
28201
28211
28215
28235
28305
28367
28369
28371
28391
28433
28495
28531
28595
28617
28621
28625
28673
28715
28733
28791
28811
28815
28977
28979
29099
29223
29233
29267
29269
29283
29325
29371
29475
29497
29515
29517
29716
29741
29751
29871
29876
29893
29898
29975
29999
30029
30122
30143
30178
30228
30246
30362
30381
30382
30383
30420
30449
30450
30453
30455
30481
30483
30484
30485
30533
30544
30549
30571
30585
30634
30721
30767
30806
30850
30873
30875
30913
30920
30925
30960
31049
31050
31064
31065
31105
31113
31147
31163
31223
31238
31251
31302
31338
31380
31402
31418
31430
31433
31452
31454
31530
31581
31710
31711
31737
31763
31790
31798
31845
31853
31861
31866
31973
32023
32032
32034
32059
32071
32086
32092
32151
32171
32188
32214
32218
32245
32256
32289
32301
32311
32313
32360
32407
32410
32455
32568
32618
32629
32681
32729
32792
32836
32843
32866
32878
32879
32885
32898
32900
32906
32961
32962
32979
32981
33012
33024
33025
33027
33041
33048
33051
33064
33069
33091
33099
33113
33176
33184
33190
33204
33205
33219
33221
33266
33271
33279
33314
33341
33371
33377
33391
33422
33434
33478
33493
33502
33512
33525
33531
33541
33564
33630
33661
33662
33685
33686
33687
33697
33704
33706
33713
33737
33741
33757
33783
33797
33806
33871
33889
33937
34006
34085
34096
34136
34140
34153
34167
34179
34208
34237
34240
34244
34258
34289
34391
34427
34437
34438
34439
34440
34464
34476
34488
34498
34502
34532
34542
34599
34604
34620
34644
34649
34664
34673
34683
34712
34741
34753
34776
34799
34820
34866
34877
34878
34901
34928
34964
35000
35041
35042
35134
35135
35136
35138
35150
35167
35205
35224
35250
35255
35286
35295
35315
35369
35401
35454
35520
35521
35567
35586
35603
35691
35730
35737
35759
35800
35835
35838
35840
35843
35847
35848
35849
35853
35854
35855
35910
35949
35982
35996
36000
36039
36040
36077
36161
36164
36166
36194
36197
36267
36278
36308
36313
36314
36342
36343
36344
36345
36369
36370
36371
36397
36429
36432
36436
36494
36516
36528
36531
36542
36552
36563
36571
36633
36666
36692
36715
36730
36740
36760
36765
36766
36774
36782
36816
36828
36838
36856
36857
36862
36866
36871
36894
36976
37026
37082
37100
37112
37149
37242
37244
37245
37247
37265
37268
37277
37279
37283
37302
37311
37334
37374
37395
37407
37435
37436
37438
37440
37441
37442
37448
37491
37496
37507
37514
37515
37541
37548
37561
37578
37600
37607
37630
37643
37663
37703
37731
37760
37764
37765
37779
37866
37875
37897
37914
37915
37922
37970
37988
37998
38004
38005
38006
38012
38020
38046
38078
38093
38097
38114
38117
38118
38119
38120
38121
38122
38123
38124
38125
38126
38127
38128
38129
38131
38132
38133
38134
38135
38136
38137
38138
38140
38142
38157
38174
38191
38192
38226
38250
38292
38312
38328
38365
38373
38385
38433
38440
38444
38464
38473
38480
38481
38530
38544
38545
38600
38628
38656
38663
38671
38678
38691
38705
38707
38714
38716
38717
38719
38735
38749
38752
38799
38816
38837
38853
38895
38903
38916
38940
38982
39012
39028
39034
39035
39056
39101
39102
39115
39152
39162
39198
39222
39231
39282
39308
39309
39333
39358
39359
39361
39362
39363
39368
39369
39410
39416
39417
39428
39454
39486
39489
39491
39506
39514
39528
39539
39574
39584
39592
39617
39638
39674
39675
39711
39728
39769
39778
39798
39805
39833
39841
39846
39893
39935
39967
39987
39991
39999
40036
40044
40046
40056
40073
40075
40097
40109
40142
40151
40154
40157
40165
40166
40178
40182
40192
40196
40250
40251
40256
40295
40313
40341
40367
40377
40389
40394
40403
40405
40416
40480
40497
40515
40517
40529
40554
40567
40602
40608
40613
40623
40651
40712
40729
40768
40778
40792
40803
40823
40852
40853
40858
40870
40876
40885
40890
40907
40930
40932
40942
40948
40956
40971
40979
40994
41030
41062
41063
41068
41080
41084
41137
41139
41146
41194
41203
41415
41416
41417
41433
41439
41456
41457
41461
41515
41522
41547
41589
41595
41632
41635
41674
41714
41750
41814
41822
41902
41926
41942
41946
42132
42148
42149
42151
42153
42178
42191
42192
42215
42263
42264
42290
42293
42310
42321
42339
42343
42390
42423
42460
42461
42550
42645
42667
42685
42723
42803
42847
42870
42885
42886
42893
42910
42922
42949
42976
42985
43019
43204
43205
43206
43229
43322
43349
43350
43550
43555
43621
43627
43741
43767
43830
43871
43875
43892
43948
43977
44025
44031
44032
44035
44041
44050
44061
44062
44090
44103
44104
44105
44108
44109
44110
44111
44112
44114
44115
44116
44117
44118
44119
44121
44122
44123
44218
44233
44287
44292
44293
44294
44295
44296
44297
44298
44300
44301
44393
44394
44395
44396
44397
44410
44429
44440
44441
44444
44445
44446
44447
44448
44449
44464
44465
44466
44494
44495
44496
44570
44571
44585
44683
44688
44740
44741
44797
44890
44899
44900
44901
44910
44940
45028
45058
45068
45073
45102
45103
45104
45105
45113
45203
45206
45209
45246
45302
45350
45380
45428
45444
45445
45447
45482
45518
45522
45524
45571
45572
45584
45627
45686
45815
45959
45960
46095
46185
46253
46298
46381
46388
46604
46907
46925
47068
47110
47211
47215
47217
47218
47219
47226
47227
47228
47234
47243
47307
47409
47438
47448
47462
47464
47469
47486
47492
47576
47616
47640
47642
47643
47776
47795
47837
47843
47845
47856
47863
47977
47997
48030
48035
48100
48121
48126
48163
48195
48203
48208
48210
48214
48217
48218
48219
48220
48260
48262
48263
48325
48326
48331
48332
48333
48375
48411
48414
48466
48492
48539
48549
48556
48569
48577
48644
48673
48749
48750
48751
48754
48810
48890
48951
49057
49059
49069
49070
49073
49118
49163
49199
49204
49205
49235
49241
49292
49311
49355
49357
49402
49454
49478
49571
49661
49681
49793
49798
49828
49834
49835
49936
49969
49983
49984
50002
50021
50084
50137
50204
50218
50284
50320
50422
50431
50439
50441
50445
50458
50475
50526
50549
50559
50572
50587
50593
50604
50612
50638
50644
50675
50678
50689
50710
50713
50855
50862
50871
50917
50972
50999
51061
51092
51105
51196
51198
51289
51296
51307
51324
51358
51389
51390
51392
51403
51414
51415
51431
51432
51445
51466
51509
51531
51554
51569
51572
51617
51621
51653
51677
51746
51765
51773
51805
51818
51903
51937
51940
51954
51956
52005
52020
52023
52093
52162
52168
52194
52196
52228
52265
52273
52318
52328
52368
52383
52384
52389
52399
52477
52518
52549
52588
52708
52737
52738
52740
52747
52748
52809
52812
52863
52864
52869
52928
53013
53022
53026
53033
53037
53097
53121
53154
53163
53199
53231
53365
53393
53402
53509
53587
53599
53603
53604
53606
53625
53627
53633
53646
53720
53748
53754
53767
53770
53787
53850
53851
53857
53903
53938
53939
53940
53941
53942
53943
53944
53945
53948
53951
53953
53956
53957
53959
53961
53962
53963
53964
53966
53967
53968
53969
53970
53971
53973
53975
53976
53977
53979
53980
53981
53982
53983
53984
53985
53986
53987
53988
53989
53990
54013
54040
54041
54062
54063
54081
54082
54085
54086
54089
54090
54091
54092
54093
54094
54096
54097
54163
54250
54279
54287
54298
54313
54355
54357
54362
54398
54475
54495
54498
54660
54739
54740
54769
54793
54794
54829
54832
54833
54851
54853
54858
54860
54863
54895
54902
54917
54922
55038
55042
55043
55046
55061
55076
55080
55111
55128
55152
55188
55231
55247
55255
55271
55275
55283
55300
55301
55303
55327
55527
55528
55542
55571
55589
55607
55624
55625
55640
55644
55709
55733
55746
55759
55787
55788
55817
55843
55845
55853
55874
55881
55939
55949
55970
55971
55978
55995
56008
56020
56033
56038
56049
56059
56062
56063
56164
56189
56191
56198
56247
56285
56315
56360
56361
56367
56374
56401
56423
56445
56448
56471
56473
56474
56484
56488
56523
56524
56529
56535
56544
56553
56560
56572
56575
56613
56629
56640
56646
56694
56709
56710
56731
56760
56769
56798
56835
56836
56837
56850
56859
56864
56888
56919
56929
56972
57051
57071
57080
57084
57086
57107
57117
57179
57201
57207
57221
57222
57233
57303
57305
57314
57317
57368
57371
57372
57384
57386
57389
57391
57416
57422
57455
57458
57459
57461
57464
57478
57513
57518
57544
57579
57592
57602
57629
57743
57798
57809
57812
57869
57878
57925
57952
57961
57972
58062
58079
58091
58234
58272
58295
58320
58349
58350
58379
58472
