17
253
254
255
273
328
415
456
457
477
485
488
489
611
695
709
723
799
800
818
932
943
951
962
965
975
976
1004
1025
1083
1093
1126
1166
1206
1214
1524
1547
1617
1663
1679
1728
1804
1839
1852
1858
1888
1893
1926
1953
1982
2004
2038
2055
2075
2082
2093
2098
2102
2133
2150
2166
2180
2223
2313
2406
2486
2495
2526
2544
2546
2548
2549
2552
2553
2554
2555
2558
2563
2570
2573
2575
2576
2577
2767
2771
2801
2802
2805
2830
2912
2931
2942
2950
2953
2963
3006
3020
3113
3120
3162
3164
3165
3167
3182
3196
3199
3219
3225
3297
3335
3345
3425
3449
3513
3516
3517
3570
3604
3691
3823
3835
3841
3878
3975
4054
4081
4091
4132
4138
4163
4201
4202
4383
4418
4419
4483
4511
4550
4591
4660
4772
4782
4811
4936
4991
5085
5162
5196
5203
5244
5276
5299
5300
5304
5374
5468
5472
5473
5492
5534
5535
5618
5670
5671
5712
5713
5799
5914
5992
5997
6024
6095
6116
6148
6149
6150
6195
6209
6219
6251
6266
6366
6397
6468
6491
6509
6520
6525
6554
6571
6574
6604
6625
6629
6630
6688
6709
6759
6802
6822
6885
6890
6935
6947
6959
6984
7062
7164
7176
7465
7518
7547
7571
7575
7597
7616
7629
7643
7709
7759
7770
7807
7877
7904
7955
7972
7980
7981
8120
8178
8197
8234
8235
8345
8360
8361
8366
8367
8431
8518
8603
8626
8631
8661
8669
8671
8701
8713
8719
8726
8729
8743
8754
8829
8832
8842
8848
8919
8925
9013
9055
9119
9175
9213
9344
9348
9423
9441
9499
9518
9535
9563
9689
9774
9777
9886
9931
9934
9938
9955
9957
10162
10232
10361
10379
10407
10481
10502
10511
10671
10709
10737
10804
10819
10822
10823
10824
10825
10832
10850
10859
10884
10887
10905
10943
10953
10958
11049
11113
11237
11239
11268
11457
11491
11615
11665
11699
11793
12021
12119
12123
12141
12189
12355
12391
12393
12771
12815
12921
12981
13083
13085
13159
13173
13177
13179
13215
13283
13299
13333
13373
13375
13377
13427
13469
13495
13551
13639
13727
13817
13819
13821
13823
13825
13827
13831
14045
14237
14355
14575
14627
14693
14949
15051
15061
15077
15159
15313
15431
15533
15535
15607
15649
15731
15749
15775
15781
15979
15989
16123
16169
16263
16319
16371
16373
16377
16417
16458
16530
16690
16730
16732
16738
16910
17082
17106
17121
17159
17161
17163
17237
17341
17351
17359
17397
17423
17549
17573
17637
17697
17733
17739
17749
17753
17855
17891
17957
18099
18205
18353
18411
18469
18573
18575
18577
18629
18635
18781
18849
18907
18953
19069
19111
19233
19337
19445
19585
19627
19817
19841
19849
19897
19905
19953
19961
20001
20003
20077
20079
20081
20093
20095
20117
20123
20127
20145
20147
20205
20221
20239
20241
20243
20267
20505
20539
20651
20671
20703
20745
20755
20797
20909
20931
20951
20999
21041
21073
21267
21273
21325
21329
21405
21435
21483
21485
21487
21489
21491
21493
21549
21635
21647
21649
21667
21681
21737
21853
21939
22189
22219
22275
22325
22465
22503
22675
22757
22785
22789
22791
22819
22839
22959
22991
22993
22995
23003
23005
23031
23043
23085
23121
23125
23135
23213
23267
23269
23285
23303
23343
23345
23393
23401
23427
23439
23551
23569
23585
23593
23613
23621
23623
23647
23741
23869
23871
23897
23899
23901
23973
23979
23985
24121
24437
24443
24629
24645
24647
24663
24679
24681
24687
24701
24713
24765
24773
24775
24807
24821
24855
24865
24869
24913
24935
24969
24975
24989
24997
25071
25073
25075
25083
25085
25089
25101
25109
25139
25169
25265
25271
25301
25377
25439
25589
25601
25661
25719
25729
25871
25915
25941
26085
26163
26347
27405
27419
27681
27709
27789
27887
28077
28179
28347
28353
28361
28401
28433
28483
28485
28665
28861
28911
28913
28915
28957
28959
28981
29003
29017
29099
29163
29209
29301
29323
29347
29349
29385
29391
29395
29397
29469
29471
29473
29487
29511
29513
29515
29655
29731
29742
29743
29752
29787
29825
29829
29830
29831
29893
29979
30048
30049
30053
30088
30118
30127
30148
30149
30150
30151
30152
30153
30154
30249
30267
30289
30292
30309
30342
30355
30358
30376
30378
30384
30386
30392
30393
30394
30437
30499
30649
30651
30705
30732
30743
30746
30762
30771
30803
30826
30829
30851
30875
30906
30907
30961
30971
30988
31019
31020
31044
31055
31080
31107
31111
31139
31144
31164
31202
31244
31252
31361
31376
31377
31410
31463
31485
31498
31512
31537
31549
31551
31560
31564
31581
31599
31618
31621
31643
31672
31683
31696
31697
31753
31771
31777
31804
31883
31909
31919
31971
31977
32093
32107
32142
32143
32144
32145
32146
32147
32148
32149
32151
32175
32190
32251
32259
32309
32353
32397
32491
32526
32547
32571
32607
32664
32673
32717
32733
32734
32738
32806
32828
32832
32916
32954
32959
32983
32993
32999
33034
33099
33122
33156
33157
33173
33174
33183
33188
33199
33206
33219
33239
33240
33241
33245
33273
33280
33447
33474
33479
33491
33535
33537
33659
33669
33681
33770
33782
33789
33818
33854
33884
33902
33903
33904
33939
33940
33941
33948
33986
34012
34050
34078
34091
34092
34116
34117
34118
34121
34148
34201
34208
34213
34224
34257
34295
34304
34328
34332
34358
34363
34375
34392
34393
34394
34402
34476
34481
34494
34525
34534
34591
34600
34623
34692
34693
34697
34699
34708
34711
34726
34733
34744
34746
34754
34757
34790
34798
34800
34802
34826
34831
34841
34852
34870
34927
34973
34979
35004
35071
35078
35145
35198
35206
35215
35220
35222
35235
35239
35241
35284
35287
35295
35305
35306
35307
35308
35309
35311
35312
35317
35332
35346
35363
35442
35443
35472
35473
35478
35522
35525
35526
35551
35563
35593
35610
35611
35619
35624
35672
35673
35720
35756
35777
35805
35818
35828
35838
35858
35883
35909
35923
35957
35975
35976
35980
35981
35985
36001
36094
36097
36112
36151
36155
36162
36164
36221
36223
36248
36261
36265
36275
36397
36404
36418
36431
36443
36485
36513
36538
36580
36582
36584
36622
36626
36692
36724
36728
36743
36744
36745
36746
36747
36775
36799
36800
36851
36888
36942
36990
37027
37033
37051
37104
37109
37133
37142
37174
37178
37188
37189
37204
37207
37246
37263
37328
37341
37368
37398
37409
37418
37419
37421
37422
37423
37424
37433
37460
37467
37481
37482
37485
37529
37535
37543
37552
37554
37589
37630
37647
37662
37671
37682
37698
37747
37776
37778
37780
37789
37790
37801
37802
37850
37851
37852
37881
37886
37904
37921
37923
37940
37959
37968
37978
38001
38007
38008
38009
38016
38023
38058
38060
38061
38062
38066
38089
38090
38145
38147
38211
38219
38254
38272
38285
38290
38295
38299
38333
38337
38346
38353
38354
38412
38420
38474
38475
38476
38493
38520
38556
38560
38561
38643
38658
38674
38678
38711
38759
38767
38774
38776
38804
38864
38881
38924
38925
38931
38932
38954
39022
39035
39046
39077
39078
39110
39197
39206
39212
39214
39230
39247
39324
39343
39344
39385
39388
39430
39436
39457
39498
39528
39562
39564
39591
39609
39620
39654
39668
39676
39728
39730
39734
39808
39840
39862
39885
39895
39900
39942
39960
39979
40034
40035
40085
40136
40139
40163
40205
40208
40223
40228
40266
40267
40331
40334
40335
40358
40364
40376
40385
40423
40430
40437
40452
40455
40465
40478
40479
40508
40616
40632
40644
40655
40659
40660
40685
40738
40747
40753
40757
40758
40799
40833
40868
40879
40953
40958
40990
41051
41061
41097
41101
41114
41136
41169
41179
41181
41250
41299
41307
41312
41339
41349
41364
41391
41426
41459
41471
41509
41522
41555
41556
41674
41689
41807
41844
41912
42027
42044
42068
42083
42090
42109
42145
42170
42179
42198
42206
42228
42317
42330
42331
42333
42345
42488
42491
42500
42507
42513
42546
42568
42576
42629
42632
42653
42717
42787
42797
42799
42804
42840
42894
42948
42956
42959
43020
43207
43694
43696
43722
43745
43751
43839
43920
43922
43923
43924
43925
43926
43927
43931
43933
43934
43935
44026
44056
44063
44128
44376
44532
44533
44534
44535
44536
44537
44538
44539
44540
44583
44702
45425
45517
45519
45521
45611
45618
45665
45677
45704
46000
46119
47005
47270
47542
47618
47623
47777
47931
47982
48109
48231
48252
48313
48337
48346
48352
48411
48442
48491
48512
48539
48542
48553
48570
48586
48590
48628
48646
48727
48775
48779
48804
48829
48845
48851
48852
48857
48858
48859
48864
48872
48892
48899
48916
48932
48953
48988
49026
49066
49109
49184
49202
49263
49276
49326
49354
49379
49396
49410
49414
49429
49431
49445
49450
49474
49483
49487
49505
49521
49533
49566
49592
49654
49668
49697
49743
49776
49793
49796
49806
49814
49843
49849
49854
49866
49893
49907
49908
49909
49976
50012
50090
50111
50120
50137
50138
50142
50201
50203
50206
50245
50267
50289
50292
50313
50326
50515
50518
50597
50600
50603
50687
50694
50711
50746
50784
50797
50841
50845
50872
50905
50917
50993
50997
50998
51071
51151
51238
51245
51246
51266
51293
51299
51379
51382
51461
51462
51488
51511
51680
51750
51751
51825
51879
51936
52020
52066
52100
52224
52227
52271
52307
52381
52440
52493
52497
52553
52576
52597
52601
52823
52855
52881
52892
52935
52964
52968
52992
53008
53042
53043
53044
53132
53136
53143
53161
53220
53226
53275
53287
53291
53320
53395
53410
53491
53501
53508
53520
53639
53651
53652
53653
53655
53666
53671
53696
53732
53779
53830
53856
53857
53893
54009
54011
54014
54062
54065
54072
54102
54107
54108
54166
54174
54186
54216
54294
54300
54318
54330
54331
54352
54367
54368
54380
54399
54413
54447
54494
54500
54541
54544
54563
54564
54568
54617
54638
54662
54711
54718
54783
54796
54809
54872
54873
54953
54963
54968
54991
55024
55072
55115
55133
55135
55138
55153
55163
55164
55288
55307
55310
55311
55319
55344
55351
55365
55396
55397
55400
55402
55405
55463
55514
55595
55748
55759
55796
55823
55851
55890
55920
55948
56013
56107
56119
56135
56190
56253
56287
56449
56452
56464
56498
56504
56588
56694
56703
56713
56728
56768
56853
56858
56882
56974
57077
57078
57103
57145
57159
57229
57357
57380
57398
57424
57495
57595
57690
57694
57759
57822
57838
57871
57879
57909
57939
57994
58012
58033
58034
58042
58175
58196
58229
58260
58261
58264
58380
58384
