15
17
22
23
170
183
234
263
264
265
287
288
292
311
312
313
314
359
386
388
390
406
425
476
551
558
627
691
729
764
814
815
857
995
1041
1042
1065
1175
1185
1186
1190
1209
1316
1317
1327
1328
1396
1409
1539
1540
1550
1596
1614
1674
1707
1764
1771
1842
1846
1859
1861
2008
2009
2050
2052
2112
2116
2117
2118
2119
2120
2121
2122
2159
2180
2183
2224
2228
2283
2309
2316
2386
2402
2415
2416
2490
2491
2492
2493
2498
2499
2602
2631
2682
2684
2703
2748
2752
2758
2920
2921
2922
2986
3009
3012
3053
3081
3111
3116
3131
3137
3213
3226
3272
3273
3274
3275
3276
3277
3278
3279
3280
3281
3433
3438
3482
3568
3768
3769
3791
3806
3825
3827
3844
3870
3874
3887
4053
4062
4121
4176
4298
4339
4440
4444
4621
5028
5029
5040
5085
5141
5197
5200
5217
5231
5258
5273
5287
5675
5751
5812
5814
5826
5832
5834
5872
5941
5962
5967
5968
5994
5996
6076
6310
6392
6418
6840
6842
7048
7092
7155
7247
7479
7498
7501
7525
7655
7661
7720
7793
7836
8042
8156
8179
8196
8216
8245
8316
8410
8423
8490
8522
8542
8632
8786
8953
9028
9032
9077
9078
9124
9163
9164
9165
9166
9177
9201
9205
9242
9243
9244
9284
9424
9665
9693
9744
9890
9905
9916
9949
10109
10257
10323
10346
10360
10370
10435
10507
10554
10563
10572
10573
10627
10731
10774
10800
10886
10964
10979
10999
11371
11593
11689
11697
11763
11771
11857
11917
11919
12069
12117
12449
12585
12863
12875
12899
13073
13231
13245
13261
13449
13837
13839
13947
14397
15125
15487
15785
15807
15875
15977
15993
16051
16149
16486
16514
16552
16572
16650
16824
16894
16916
17092
17100
17102
17104
17249
17259
17307
17313
17315
17317
17321
17439
17441
17443
17445
17447
17665
17669
17671
17819
17821
17893
18005
18061
18063
18097
18177
18179
18327
18339
18341
18377
18443
18475
18507
18689
18759
18983
19049
19063
19151
19271
19515
19647
19669
19671
19887
19943
19947
19973
20143
20155
20237
20583
21009
21185
21201
21479
21707
21755
22111
22125
22135
22197
22205
22215
22265
22335
22605
22609
22673
22831
22851
23011
23245
23537
23737
23759
24237
24277
24347
24415
24713
24817
25051
25299
25303
25341
25755
25967
26453
27561
27577
27663
27837
27915
28035
28391
28489
28775
28813
28891
29073
29431
29501
29583
29603
29755
29834
30205
30230
30311
30364
30413
30415
30652
30790
30914
30968
30998
31049
31051
31177
31237
31422
31464
31465
31491
31519
31559
31575
31581
31588
31608
31658
31668
31693
31754
31783
31883
31942
32190
32324
32454
32483
32494
32686
32816
32817
32831
32835
32869
32870
32871
32881
32886
32935
32943
32947
32995
33031
33283
33302
33325
33473
33498
33499
33533
33543
33544
33566
33733
33746
33798
33845
34008
34032
34178
34238
34239
34307
34323
34349
34367
34443
34453
34513
34519
34543
34548
34614
34615
34636
34694
34695
34707
34716
34734
34784
34825
35025
35110
35111
35183
35191
35249
35321
35327
35382
35455
35528
35529
35574
35605
35658
35698
35789
35806
35880
35912
35983
36062
36118
36119
36297
36563
36565
36653
36704
36934
36952
36993
37007
37206
37259
37290
37358
37379
37403
37448
37619
37620
37703
37775
37814
37916
37960
37965
37972
37990
38067
38068
38069
38091
38098
38119
38120
38138
38157
38177
38235
38400
38529
38554
38646
38647
38648
38731
38882
38883
38921
39014
39226
39227
39271
39352
39498
39505
39527
39555
39566
39574
39583
39699
39966
40155
40262
40267
40349
40350
40372
40488
40504
40606
40679
40694
40729
40769
40776
40786
40832
40850
41105
41111
41266
41298
41586
41783
41842
41951
42245
42321
42395
42668
42774
42798
42829
42923
42940
42941
43412
43417
43556
43756
43982
44014
44274
44637
44673
44674
44712
44744
44838
45069
45079
45187
45482
45585
45649
45984
46000
46068
46118
46228
46260
46324
46392
46478
46854
46855
46856
47104
47612
47809
47866
48218
48347
48406
48452
48456
48517
48536
48830
48850
49052
49078
49258
49283
49363
49376
49556
49581
49596
49664
49691
49913
49969
49975
50099
50185
50209
50248
50379
50533
50552
50999
51048
51085
51125
51221
51225
51288
51300
51318
51333
51482
51761
51781
51877
51880
51887
51957
51974
52032
52033
52159
52210
52229
52322
52551
52614
52615
52616
52618
52622
52640
52641
52737
52738
52742
52750
52753
52771
52826
52917
53222
53526
53575
53670
53675
53828
53923
54028
54119
54352
54547
54730
54803
54838
54859
54865
54866
54928
54939
55105
55194
55231
55318
55319
55374
55531
55570
56070
56106
56165
56345
56566
56891
56928
57181
57487
57647
57979
58066
58344
