7
47
49
50
51
60
101
104
120
122
130
131
132
135
142
143
144
149
150
154
169
173
174
198
199
226
228
236
239
252
270
279
291
303
304
310
326
335
337
344
356
357
360
376
384
405
419
448
457
469
476
479
484
489
499
514
515
523
546
547
586
591
599
600
602
610
613
619
621
646
647
656
665
666
675
690
704
713
732
760
777
782
789
793
844
861
867
880
886
911
916
934
940
998
999
1003
1010
1011
1013
1019
1020
1023
1026
1036
1037
1039
1048
1052
1097
1148
1150
1158
1179
1192
1208
1227
1228
1243
1244
1245
1280
1281
1337
1338
1340
1371
1384
1440
1442
1451
1455
1484
1500
1524
1530
1535
1547
1554
1556
1571
1580
1587
1594
1601
1606
1607
1611
1626
1628
1640
1664
1666
1667
1705
1708
1723
1742
1749
1750
1765
1777
1804
1805
1806
1860
1866
1889
1905
1906
1907
1937
1951
1965
1966
1996
2004
2012
2022
2023
2056
2099
2102
2130
2131
2132
2141
2154
2161
2167
2170
2198
2246
2251
2252
2262
2308
2336
2354
2355
2356
2366
2384
2400
2404
2486
2526
2592
2593
2596
2745
2780
2781
2832
2931
2967
2983
2985
2994
3001
3023
3057
3077
3090
3091
3095
3174
3176
3178
3218
3248
3342
3354
3366
3449
3457
3503
3513
3614
3625
3652
3656
3710
3713
3782
3783
3861
3882
3901
3910
3913
3929
3930
3948
3952
3958
4038
4067
4068
4081
4082
4095
4151
4181
4188
4202
4280
4282
4450
4531
4548
4581
4712
4725
4752
4789
4823
4853
4879
4896
4918
4975
5034
5081
5091
5178
5204
5205
5296
5300
5356
5421
5484
5493
5554
5597
5688
5719
5734
5760
5802
5828
5849
5918
5930
5978
6050
6069
6124
6163
6169
6171
6184
6324
6344
6413
6462
6500
6512
6547
6680
6712
6730
6736
6746
6747
6831
6832
6864
6880
6883
6895
6904
6920
6922
6948
6971
6974
6980
6985
7014
7079
7135
7170
7171
7307
7311
7430
7477
7495
7510
7531
7559
7592
7619
7621
7662
7723
7724
7728
7745
7762
7953
7980
7981
8064
8068
8074
8142
8145
8146
8150
8152
8153
8154
8155
8156
8157
8158
8194
8208
8211
8226
8227
8228
8278
8408
8457
8460
8476
8487
8491
8493
8501
8525
8536
8685
8728
8745
8795
8915
8986
8993
9014
9062
9065
9120
9127
9130
9136
9159
9202
9220
9260
9290
9331
9345
9493
9509
9513
9515
9584
9611
9675
9689
9691
9706
9723
9731
9934
9935
9951
9989
10000
10012
10049
10067
10073
10080
10083
10087
10180
10197
10207
10216
10236
10259
10294
10338
10372
10379
10389
10408
10479
10490
10501
10502
10516
10545
10578
10588
10620
10681
10702
10713
10714
10715
10716
10717
10732
10765
10798
10805
10882
10886
10936
10965
11013
11077
11083
11111
11355
11447
11457
11499
11531
11597
11663
11665
11679
11685
11703
11741
11837
11869
11887
12119
12187
12445
12481
12483
12485
12503
12505
12549
12565
12579
12833
12907
13055
13115
13117
13119
13163
13171
13183
13335
13403
13409
13439
13517
13535
13585
13587
13655
13681
14117
14189
14267
14353
14515
14719
14807
14853
14893
14957
15037
15039
15043
15117
15225
15325
15379
15633
15689
15743
15891
15927
15959
16001
16005
16241
16512
16602
16694
16700
16706
16746
16762
17074
17076
17245
17277
17513
17551
17643
17727
17777
17813
17831
18195
18277
18325
18411
18497
18499
18723
18731
18799
18835
18849
18881
18919
19157
19469
19533
19573
19773
19871
19971
20359
20457
20517
20541
20651
20689
20899
20909
20919
20969
21085
21255
21325
21329
21353
21473
21561
21603
21679
21743
21855
21939
22053
22055
22057
22117
22271
22297
22641
22763
22865
22983
22985
22991
23065
23079
23179
23199
23251
23351
23405
23421
23639
23753
23837
23987
24075
24109
24127
24139
24591
24663
24677
24687
24701
24765
24781
24989
25159
25375
25429
25537
25591
25859
26019
26055
26063
26317
26359
27417
27783
27811
27821
27831
27833
27847
27945
28025
28103
28151
28223
28257
28263
28387
28423
28603
28617
28677
28701
28713
28925
28929
28957
29087
29527
29529
29758
29837
29854
29974
30027
30028
30029
30145
30166
30191
30217
30278
30321
30324
30463
30485
30524
30585
30714
30732
30777
30825
30868
30869
30870
30921
30922
30947
30958
30967
30970
31043
31050
31098
31143
31149
31164
31181
31362
31376
31377
31378
31389
31478
31499
31552
31580
31610
31645
31676
31716
31756
31757
31758
31785
31933
31966
32015
32143
32182
32191
32222
32247
32262
32268
32281
32287
32534
32566
32581
32668
32673
32682
32696
32716
32758
32789
32790
32827
32852
32867
32915
32934
32954
32983
33047
33049
33050
33071
33103
33154
33191
33209
33219
33244
33248
33253
33255
33263
33286
33309
33339
33350
33421
33438
33443
33446
33562
33605
33662
33668
33681
33726
33731
33756
33758
33761
33801
33803
33985
34019
34051
34102
34106
34126
34129
34209
34233
34236
34292
34309
34318
34321
34368
34411
34471
34534
34538
34565
34591
34612
34662
34688
34689
34696
34698
34738
34753
34792
34841
34855
34940
34944
34966
34999
35007
35034
35035
35049
35051
35069
35086
35104
35115
35116
35121
35140
35158
35220
35231
35247
35248
35252
35303
35315
35333
35399
35401
35424
35425
35444
35458
35652
35703
35746
35928
35952
36003
36023
36027
36032
36124
36144
36152
36266
36275
36296
36309
36381
36455
36491
36522
36538
36544
36545
36548
36616
36625
36654
36718
36722
36726
36729
36796
36815
36823
36824
36858
36906
36910
36915
36950
36992
36999
37031
37090
37140
37256
37291
37292
37303
37304
37305
37306
37307
37324
37426
37433
37449
37450
37460
37487
37510
37520
37522
37531
37564
37569
37579
37590
37598
37641
37643
37655
37666
37667
37682
37706
37735
37742
37769
37822
37958
37969
37976
37981
37991
37994
37997
38003
38013
38084
38085
38086
38104
38106
38181
38249
38325
38329
38383
38431
38436
38467
38533
38536
38557
38594
38680
38688
38759
38849
38919
38923
38936
38937
38959
38971
39017
39018
39029
39049
39221
39264
39277
39295
39307
39308
39382
39414
39421
39454
39455
39463
39469
39470
39495
39529
39534
39545
39569
39651
39663
39676
39677
39678
39708
39736
39738
39760
39766
39806
39875
39948
39990
39995
40090
40104
40142
40174
40206
40280
40320
40345
40346
40347
40378
40417
40477
40485
40486
40542
40568
40642
40644
40661
40667
40714
40733
40761
40806
40894
40982
41006
41025
41124
41168
41191
41224
41245
41265
41285
41306
41345
41383
41440
41480
41497
41619
41833
41917
41945
42004
42057
42076
42104
42129
42143
42176
42187
42205
42249
42250
42260
42291
42297
42319
42359
42454
42455
42562
42812
42822
42831
42892
42893
42894
42938
42956
42994
42998
43011
43043
43438
43565
43600
43629
43767
43814
44064
44067
44068
44074
44097
44202
44204
44248
44345
44387
44390
44411
44412
44570
44588
44961
45567
45783
45997
46447
46973
47194
47231
47235
47257
47275
47301
47373
47449
47537
47756
48171
48172
48251
48264
48266
48269
48270
48271
48323
48365
48374
48405
48425
48426
48481
48483
48488
48502
48567
48577
48649
48661
48694
48753
48791
48876
48884
48898
48952
48956
49066
49090
49160
49200
49208
49287
49316
49338
49361
49398
49413
49505
49533
49620
49709
49717
49718
49728
49817
49818
49858
49915
50036
50037
50038
50053
50139
50159
50172
50191
50239
50287
50330
50337
50346
50380
50398
50401
50405
50407
50432
50470
50515
50537
50603
50606
50608
50621
50640
50644
50668
50740
50841
50876
51068
51183
51187
51191
51249
51367
51438
51461
51464
51485
51534
51584
51673
51677
51685
51705
51746
51916
51996
52031
52034
52081
52107
52132
52134
52216
52293
52319
52493
52505
52523
52593
52605
52644
52649
52680
52688
52762
52763
52808
52850
52856
52865
52870
52885
52886
52941
53035
53119
53127
53129
53149
53151
53262
53265
53273
53335
53402
53449
53530
53613
53634
53666
53720
53868
53882
53924
53966
53967
53968
54009
54017
54041
54055
54058
54059
54060
54061
54071
54112
54171
54172
54194
54199
54697
54703
54743
54745
54773
54775
54793
54870
54898
54918
55005
55009
55041
55046
55047
55124
55129
55237
55266
55299
55324
55325
55345
55397
55529
55600
55790
55791
55823
55830
55837
55838
55863
55967
55970
55973
55979
56036
56069
56075
56111
56149
56176
56230
56253
56290
56292
56293
56294
56295
56296
56425
56464
56468
56605
56609
56636
56637
56718
56738
56752
56836
56838
56841
56890
56960
56999
57006
57031
57037
57060
57085
57101
57102
57107
57160
57229
57334
57369
57422
57433
57440
57469
57600
57702
57738
57746
57816
57864
57890
57967
57990
57995
58052
58056
58082
58179
58195
58197
58265
58331
58345
58346
58349
58383
58390
58449
